,CH_SYMBOL,CH_SERIES,CH_MARKET_TYPE,CH_TRADE_HIGH_PRICE,CH_TRADE_LOW_PRICE,CH_OPENING_PRICE,CH_CLOSING_PRICE,CH_LAST_TRADED_PRICE,CH_PREVIOUS_CLS_PRICE,CH_TOT_TRADED_QTY,CH_TOT_TRADED_VAL,CH_52WEEK_HIGH_PRICE,CH_52WEEK_LOW_PRICE,CH_TOTAL_TRADES,CH_ISIN,CH_TIMESTAMP,VWAP
994,INDUSINDBK,EQ,N,1136.95,1070.05,1130.0,1079.25,1075.0,1104.05,5724823,6360372862.95,1834.4,1070.05,107304,INE095A01012,2020-03-02,1111.02
996,INDUSINDBK,EQ,N,1117.95,1073.0,1085.0,1108.05,1106.0,1079.25,5233056,5722017103.8,1834.4,1070.05,114159,INE095A01012,2020-03-03,1093.44
1001,INDUSINDBK,EQ,N,1114.45,1051.0,1114.45,1065.95,1076.2,1108.05,6863681,7341646202.45,1834.4,1051.0,136623,INE095A01012,2020-03-04,1069.64
1007,INDUSINDBK,EQ,N,1094.95,1063.0,1075.0,1075.0,1073.0,1065.95,6815347,7333431253.5,1834.4,1051.0,135215,INE095A01012,2020-03-05,1076.02
1008,INDUSINDBK,EQ,N,1030.95,913.8,998.0,1014.8,1006.6,1075.0,16835425,16624144344.55,1834.4,913.8,304041,INE095A01012,2020-03-06,987.45
1009,INDUSINDBK,EQ,N,969.95,887.05,950.0,903.1,889.9,1014.8,14499395,13427296668.85,1834.4,887.05,257052,INE095A01012,2020-03-09,926.06
1010,INDUSINDBK,EQ,N,929.0,845.0,889.9,853.55,845.15,903.1,12305910,10872744396.8,1834.4,845.0,237824,INE095A01012,2020-03-11,883.54
1011,INDUSINDBK,EQ,N,831.95,770.0,775.2,784.65,772.0,853.55,16136790,12998326620.95,1834.4,770.0,309910,INE095A01012,2020-03-12,805.51
1012,INDUSINDBK,EQ,N,834.7,551.1,724.0,803.75,807.3,784.65,21139779,15477856591.7,1834.4,551.1,357767,INE095A01012,2020-03-13,732.17
1013,INDUSINDBK,EQ,N,758.7,655.0,747.0,664.15,656.25,803.75,16614043,11413826858.95,1834.4,551.1,430826,INE095A01012,2020-03-16,687.0
1014,INDUSINDBK,EQ,N,707.45,585.4,670.0,604.15,603.05,664.15,19508188,12709495559.05,1834.4,551.1,419819,INE095A01012,2020-03-17,651.5
1015,INDUSINDBK,EQ,N,638.85,374.8,629.0,460.8,459.2,604.15,74868388,36703405731.95,1834.4,374.8,1424793,INE095A01012,2020-03-18,490.24
1016,INDUSINDBK,EQ,N,472.0,391.75,414.75,444.05,438.0,460.8,29190256,12803385077.35,1834.4,374.8,699807,INE095A01012,2020-03-19,438.62
1017,INDUSINDBK,EQ,N,478.9,405.25,444.05,440.35,440.1,444.05,28086283,12190691110.75,1834.4,374.8,454918,INE095A01012,2020-03-20,434.04
1018,INDUSINDBK,EQ,N,405.0,330.1,396.35,336.45,335.0,440.35,9515736,3324160658.45,1834.4,330.1,328065,INE095A01012,2020-03-23,349.33
1019,INDUSINDBK,EQ,N,360.0,235.55,355.05,312.35,313.6,336.45,37275397,11721183343.95,1834.4,235.55,845045,INE095A01012,2020-03-24,314.45
1020,INDUSINDBK,EQ,N,324.0,281.15,292.0,301.3,301.95,312.35,40293450,12089557344.2,1834.4,235.55,816458,INE095A01012,2020-03-25,300.04
1021,INDUSINDBK,EQ,N,451.95,311.65,316.35,435.9,440.0,301.3,42326744,17536074206.85,1834.4,235.55,787308,INE095A01012,2020-03-26,414.3
1022,INDUSINDBK,EQ,N,538.55,392.35,479.45,411.1,411.15,435.9,43891665,19534194424.2,1834.4,235.55,1073663,INE095A01012,2020-03-27,445.05
1023,INDUSINDBK,EQ,N,427.7,370.0,370.0,413.4,412.3,411.1,29383083,11945375064.55,1823.75,235.55,508894,INE095A01012,2020-03-30,406.54
1024,INDUSINDBK,EQ,N,399.0,330.75,398.0,351.3,350.8,413.4,38990402,13777162424.85,1823.75,235.55,703965,INE095A01012,2020-03-31,353.35
1025,INDUSINDBK,EQ,N,390.0,320.0,386.4,342.25,342.5,351.3,33428325,11737693399.6,1823.75,235.55,692030,INE095A01012,2020-04-01,351.13
1026,INDUSINDBK,EQ,N,350.0,310.2,350.0,313.2,313.75,342.25,23015160,7361890704.05,1823.75,235.55,407632,INE095A01012,2020-04-03,319.87
1027,INDUSINDBK,EQ,N,391.5,344.5,344.5,383.85,391.5,313.2,45710953,16799290843.3,1823.75,235.55,626325,INE095A01012,2020-04-07,367.51
1028,INDUSINDBK,EQ,N,441.4,362.0,382.0,399.15,398.9,383.85,56093740,22237307774.4,1823.75,235.55,1066264,INE095A01012,2020-04-08,396.43
1029,INDUSINDBK,EQ,N,425.0,384.0,425.0,395.4,394.5,399.15,32941210,13164416525.55,1823.75,235.55,610048,INE095A01012,2020-04-09,399.63
968,INDUSINDBK,EQ,N,421.8,371.25,388.0,410.4,408.0,395.4,31209060,12518615238.1,1823.75,235.55,521925,INE095A01012,2020-04-13,401.12
969,INDUSINDBK,EQ,N,445.0,414.05,425.0,424.1,426.0,410.4,28312005,12182324979.05,1823.75,235.55,482598,INE095A01012,2020-04-15,430.29
970,INDUSINDBK,EQ,N,442.0,413.25,424.1,435.4,439.7,424.1,23556870,10156369420.85,1823.75,235.55,401872,INE095A01012,2020-04-16,431.14
971,INDUSINDBK,EQ,N,478.9,442.6,472.0,474.45,472.25,435.4,26188773,12035083908.7,1823.75,235.55,449865,INE095A01012,2020-04-17,459.55
972,INDUSINDBK,EQ,N,481.0,453.0,479.5,456.7,457.5,474.45,16950517,7877943251.2,1760.0,235.55,286193,INE095A01012,2020-04-20,464.76
973,INDUSINDBK,EQ,N,432.95,396.0,430.0,400.85,400.75,456.7,29551620,12093606887.15,1760.0,235.55,464295,INE095A01012,2020-04-21,409.24
974,INDUSINDBK,EQ,N,420.5,384.6,397.0,415.9,416.1,400.85,28908724,11688909225.7,1760.0,235.55,470096,INE095A01012,2020-04-22,404.34
975,INDUSINDBK,EQ,N,427.5,407.0,420.0,409.95,409.4,415.9,18751987,7816653487.25,1760.0,235.55,319809,INE095A01012,2020-04-23,416.84
976,INDUSINDBK,EQ,N,399.9,380.0,392.25,382.9,387.0,409.95,19653551,7650005079.0,1760.0,235.55,360070,INE095A01012,2020-04-24,389.24
977,INDUSINDBK,EQ,N,410.85,387.0,394.2,407.4,408.0,382.9,26819803,10738151056.3,1679.9,235.55,417508,INE095A01012,2020-04-27,400.38
978,INDUSINDBK,EQ,N,484.4,430.0,445.0,468.05,476.95,407.4,60610690,27180096715.05,1679.9,235.55,836625,INE095A01012,2020-04-28,448.44
979,INDUSINDBK,EQ,N,489.0,443.0,453.5,471.1,465.5,468.05,47308186,22158220459.35,1679.9,235.55,706610,INE095A01012,2020-04-29,468.38
980,INDUSINDBK,EQ,N,491.85,461.6,486.25,468.15,468.0,471.1,26655548,12763654422.6,1679.9,235.55,429633,INE095A01012,2020-04-30,478.84
981,INDUSINDBK,EQ,N,444.05,416.0,444.0,423.05,424.7,468.15,17567536,7484796446.35,1672.95,235.55,328539,INE095A01012,2020-05-04,426.06
982,INDUSINDBK,EQ,N,438.9,415.95,433.0,418.7,420.0,423.05,18470277,7929096630.4,1672.95,235.55,303397,INE095A01012,2020-05-05,429.29
983,INDUSINDBK,EQ,N,429.35,408.5,420.0,425.5,428.0,418.7,17185018,7232665733.9,1672.95,235.55,280579,INE095A01012,2020-05-06,420.87
984,INDUSINDBK,EQ,N,461.5,415.5,420.0,454.35,453.5,425.5,26784727,11867195268.25,1672.95,235.55,421754,INE095A01012,2020-05-07,443.06
985,INDUSINDBK,EQ,N,477.7,435.45,463.0,440.35,439.4,454.35,29096505,13450455579.45,1672.95,235.55,447104,INE095A01012,2020-05-08,462.27
986,INDUSINDBK,EQ,N,458.75,428.8,450.0,433.4,435.9,440.35,18434460,8145812888.65,1672.95,235.55,321806,INE095A01012,2020-05-11,441.88
987,INDUSINDBK,EQ,N,450.0,425.0,429.8,446.2,447.4,433.4,26126578,11405595637.05,1672.95,235.55,390262,INE095A01012,2020-05-12,436.55
988,INDUSINDBK,EQ,N,480.0,444.5,475.0,448.6,450.0,446.2,20820466,9565658406.25,1672.95,235.55,300803,INE095A01012,2020-05-13,459.44
989,INDUSINDBK,EQ,N,442.0,425.0,439.0,428.0,429.65,448.6,16520591,7139932315.15,1672.95,235.55,235438,INE095A01012,2020-05-14,432.18
990,INDUSINDBK,EQ,N,431.0,417.1,430.4,418.7,418.2,428.0,14849518,6253315615.9,1672.95,235.55,200424,INE095A01012,2020-05-15,421.11
991,INDUSINDBK,EQ,N,418.7,374.05,418.5,376.75,378.35,418.7,25374908,9822988023.6,1672.95,235.55,391208,INE095A01012,2020-05-18,387.11
992,INDUSINDBK,EQ,N,387.0,361.0,385.1,367.8,368.85,376.75,28795060,10767341246.5,1672.95,235.55,398908,INE095A01012,2020-05-19,373.93
993,INDUSINDBK,EQ,N,370.85,350.8,364.0,357.3,358.25,367.8,29736474,10635772798.8,1672.95,235.55,422054,INE095A01012,2020-05-20,357.67
941,INDUSINDBK,EQ,N,364.0,343.2,362.3,346.8,347.5,357.3,25555567,9061608901.05,1672.95,235.55,369281,INE095A01012,2020-05-21,354.58
942,INDUSINDBK,EQ,N,353.7,330.0,342.0,338.35,340.05,346.8,27954074,9503569941.0,1672.95,235.55,400649,INE095A01012,2020-05-22,339.97
943,INDUSINDBK,EQ,N,353.95,342.0,344.9,348.2,349.85,338.35,19933264,6944276564.15,1672.95,235.55,250794,INE095A01012,2020-05-26,348.38
944,INDUSINDBK,EQ,N,375.45,347.65,350.9,368.95,367.95,348.2,34415996,12361823487.15,1672.95,235.55,378256,INE095A01012,2020-05-27,359.19
945,INDUSINDBK,EQ,N,405.8,371.6,375.0,386.85,384.25,368.95,47047903,18363228053.7,1672.95,235.55,562495,INE095A01012,2020-05-28,390.31
946,INDUSINDBK,EQ,N,400.0,373.5,376.0,393.65,391.3,386.85,33013864,12875553860.55,1672.95,235.55,383458,INE095A01012,2020-05-29,390.0
947,INDUSINDBK,EQ,N,416.8,401.05,402.3,410.1,409.85,393.65,22991324,9429597168.1,1672.95,235.55,255855,INE095A01012,2020-06-01,410.14
948,INDUSINDBK,EQ,N,438.9,404.25,414.0,434.7,437.8,410.1,28744308,12152511674.05,1672.95,235.55,322918,INE095A01012,2020-06-02,422.78
949,INDUSINDBK,EQ,N,452.25,426.1,445.0,432.35,428.15,434.7,27908967,12345960313.65,1672.95,235.55,323572,INE095A01012,2020-06-03,442.37
950,INDUSINDBK,EQ,N,434.85,405.0,424.85,415.05,416.9,432.35,25795506,10813856566.25,1672.95,235.55,328097,INE095A01012,2020-06-04,419.21
951,INDUSINDBK,EQ,N,427.3,411.2,417.2,422.35,425.9,415.05,26350017,11082519209.5,1672.95,235.55,299037,INE095A01012,2020-06-05,420.59
952,INDUSINDBK,EQ,N,463.7,444.0,455.0,451.6,453.0,422.35,42805772,19427343571.25,1602.6,235.55,483532,INE095A01012,2020-06-08,453.85
953,INDUSINDBK,EQ,N,478.0,452.35,459.95,463.9,463.8,451.6,40690667,18986714689.7,1602.6,235.55,421563,INE095A01012,2020-06-09,466.61
954,INDUSINDBK,EQ,N,510.25,463.15,464.0,499.6,510.25,463.9,42547739,20570896847.8,1602.6,235.55,486516,INE095A01012,2020-06-10,483.48
955,INDUSINDBK,EQ,N,548.5,505.1,510.25,523.15,521.3,499.6,78670148,41764452436.15,1602.6,235.55,894762,INE095A01012,2020-06-11,530.88
956,INDUSINDBK,EQ,N,534.7,483.3,490.0,528.45,527.0,523.15,57432454,29125887470.0,1602.6,235.55,631593,INE095A01012,2020-06-12,507.13
957,INDUSINDBK,EQ,N,525.0,483.5,525.0,490.55,490.4,528.45,45035670,22497166377.75,1596.55,235.55,499890,INE095A01012,2020-06-15,499.54
958,INDUSINDBK,EQ,N,515.0,456.3,510.0,481.8,476.9,490.55,50389445,24480252481.9,1596.55,235.55,557092,INE095A01012,2020-06-16,485.82
959,INDUSINDBK,EQ,N,502.0,468.0,472.6,491.15,490.0,481.8,40940892,20043125657.8,1596.55,235.55,443733,INE095A01012,2020-06-17,489.56
960,INDUSINDBK,EQ,N,502.95,482.15,489.5,499.2,496.4,491.15,25255894,12502453989.5,1596.55,235.55,293390,INE095A01012,2020-06-18,495.03
961,INDUSINDBK,EQ,N,510.5,472.15,503.0,483.65,488.2,499.2,41824767,20533059283.2,1596.55,235.55,469525,INE095A01012,2020-06-19,490.93
962,INDUSINDBK,EQ,N,502.05,485.85,490.05,489.9,491.0,483.65,27934771,13845434050.75,1596.55,235.55,316523,INE095A01012,2020-06-22,495.63
963,INDUSINDBK,EQ,N,524.0,497.2,499.0,520.4,521.9,489.9,45717490,23471132551.5,1596.55,235.55,512550,INE095A01012,2020-06-23,513.4
964,INDUSINDBK,EQ,N,530.45,476.1,530.0,481.7,485.85,520.4,43258366,21671913991.35,1596.55,235.55,509473,INE095A01012,2020-06-24,500.99
965,INDUSINDBK,EQ,N,490.95,461.0,480.0,475.15,475.85,481.7,37361371,17813252646.25,1596.55,235.55,526355,INE095A01012,2020-06-25,476.78
966,INDUSINDBK,EQ,N,501.0,481.05,483.0,492.55,493.0,475.15,33900526,16623030434.65,1596.55,235.55,369426,INE095A01012,2020-06-26,490.35
967,INDUSINDBK,EQ,N,487.0,472.5,482.0,480.0,482.1,492.55,19599121,9384258032.75,1596.55,235.55,218753,INE095A01012,2020-06-29,478.81
911,INDUSINDBK,EQ,N,494.0,472.0,489.0,474.8,475.4,480.0,17437015,8412407908.65,1596.55,235.55,188688,INE095A01012,2020-06-30,482.45
912,INDUSINDBK,EQ,N,494.6,475.15,480.5,492.45,492.2,474.8,20509479,9990788658.3,1596.55,235.55,227925,INE095A01012,2020-07-01,487.13
913,INDUSINDBK,EQ,N,508.0,493.0,498.0,494.8,494.0,492.45,22971641,11493496152.15,1596.55,235.55,261630,INE095A01012,2020-07-02,500.33
914,INDUSINDBK,EQ,N,500.0,484.35,499.85,487.2,487.5,494.8,15633607,7657489580.0,1596.55,235.55,180474,INE095A01012,2020-07-03,489.81
915,INDUSINDBK,EQ,N,509.0,493.55,498.0,495.9,496.9,487.2,24848530,12476563078.95,1596.55,235.55,290180,INE095A01012,2020-07-06,502.1
916,INDUSINDBK,EQ,N,530.0,492.45,497.0,526.3,524.95,495.9,42697410,21883830682.6,1596.55,235.55,471629,INE095A01012,2020-07-07,512.53
917,INDUSINDBK,EQ,N,577.5,532.0,534.0,552.6,550.0,526.3,81336450,45595047752.05,1596.55,235.55,838705,INE095A01012,2020-07-08,560.57
918,INDUSINDBK,EQ,N,569.95,550.3,557.95,556.55,557.0,552.6,26574250,14832724774.9,1596.55,235.55,308779,INE095A01012,2020-07-09,558.16
919,INDUSINDBK,EQ,N,554.45,532.4,552.3,539.25,540.25,556.55,26964983,14619891917.85,1596.55,235.55,315487,INE095A01012,2020-07-10,542.18
920,INDUSINDBK,EQ,N,555.0,534.5,549.7,539.65,539.1,539.25,16508012,8935211042.8,1596.55,235.55,191261,INE095A01012,2020-07-13,541.27
921,INDUSINDBK,EQ,N,535.0,505.05,535.0,510.8,510.0,539.65,22221590,11438330869.5,1596.55,235.55,268753,INE095A01012,2020-07-14,514.74
922,INDUSINDBK,EQ,N,527.8,500.0,517.85,503.55,505.0,510.8,21841548,11292227210.0,1596.55,235.55,233194,INE095A01012,2020-07-15,517.01
923,INDUSINDBK,EQ,N,522.0,490.25,508.0,518.6,520.5,503.55,21502389,10911926454.55,1596.55,235.55,273467,INE095A01012,2020-07-16,507.48
924,INDUSINDBK,EQ,N,526.5,512.0,522.3,520.8,522.0,518.6,14445601,7488692076.0,1596.55,235.55,166302,INE095A01012,2020-07-17,518.41
925,INDUSINDBK,EQ,N,541.65,521.65,524.95,528.75,523.2,520.8,19937476,10580985132.05,1596.55,235.55,237717,INE095A01012,2020-07-20,530.71
926,INDUSINDBK,EQ,N,539.75,520.7,535.7,523.5,524.95,528.75,13311247,7016984910.0,1596.55,235.55,143734,INE095A01012,2020-07-21,527.15
927,INDUSINDBK,EQ,N,528.55,508.0,528.0,513.55,513.9,523.5,15202454,7852676446.15,1596.55,235.55,184767,INE095A01012,2020-07-22,516.54
928,INDUSINDBK,EQ,N,521.0,510.1,515.5,513.9,513.7,513.55,11300648,5819435520.9,1596.55,235.55,135381,INE095A01012,2020-07-23,514.96
929,INDUSINDBK,EQ,N,536.7,500.0,505.8,522.25,521.85,513.9,31278107,16245641943.75,1596.55,235.55,349032,INE095A01012,2020-07-24,519.39
930,INDUSINDBK,EQ,N,523.85,505.0,522.55,506.65,506.95,522.25,12280579,6264596121.5,1596.55,235.55,151425,INE095A01012,2020-07-27,510.12
931,INDUSINDBK,EQ,N,529.0,511.4,512.0,526.95,527.4,506.65,16991547,8870369924.1,1596.55,235.55,230624,INE095A01012,2020-07-28,522.05
932,INDUSINDBK,EQ,N,564.75,532.25,534.0,550.5,543.0,526.95,37044658,20401771405.65,1596.55,235.55,422042,INE095A01012,2020-07-29,550.73
933,INDUSINDBK,EQ,N,545.95,515.5,545.0,519.85,521.05,550.5,13848787,7343096669.95,1596.55,235.55,183799,INE095A01012,2020-07-30,530.23
934,INDUSINDBK,EQ,N,528.5,515.75,525.2,523.75,525.0,519.85,11161613,5826625546.3,1596.55,235.55,134361,INE095A01012,2020-07-31,522.02
935,INDUSINDBK,EQ,N,521.95,501.0,521.95,503.05,504.15,523.75,13508581,6840740085.25,1596.55,235.55,189081,INE095A01012,2020-08-03,506.4
936,INDUSINDBK,EQ,N,508.0,483.25,508.0,492.6,493.0,503.05,21481836,10570944664.9,1596.55,235.55,269763,INE095A01012,2020-08-04,492.09
937,INDUSINDBK,EQ,N,506.0,490.15,499.2,492.75,493.95,492.6,15083024,7516832413.85,1596.55,235.55,189992,INE095A01012,2020-08-05,498.36
938,INDUSINDBK,EQ,N,501.95,485.75,497.8,494.9,496.0,492.75,16624836,8217617325.5,1596.55,235.55,183994,INE095A01012,2020-08-06,494.3
939,INDUSINDBK,EQ,N,513.35,492.0,496.0,509.0,507.9,494.9,16545264,8334731131.65,1596.55,235.55,189871,INE095A01012,2020-08-07,503.75
881,INDUSINDBK,EQ,N,517.55,506.55,512.0,509.35,509.8,509.0,9409631,4823352909.85,1596.55,235.55,112940,INE095A01012,2020-08-10,512.6
882,INDUSINDBK,EQ,N,524.9,509.35,511.0,522.0,522.1,509.35,11702721,6056308039.05,1596.55,235.55,130754,INE095A01012,2020-08-11,517.51
883,INDUSINDBK,EQ,N,530.45,512.35,518.5,520.65,519.35,522.0,12646494,6615155453.75,1596.55,235.55,147764,INE095A01012,2020-08-12,523.08
884,INDUSINDBK,EQ,N,527.55,516.35,524.0,518.75,518.4,520.65,8109165,4233840353.15,1596.55,235.55,90360,INE095A01012,2020-08-13,522.11
885,INDUSINDBK,EQ,N,523.5,500.15,520.0,507.2,508.1,518.75,9318713,4775668192.3,1596.55,235.55,110304,INE095A01012,2020-08-14,512.48
886,INDUSINDBK,EQ,N,514.8,502.5,510.0,513.15,512.45,507.2,7174433,3660943754.55,1596.55,235.55,84007,INE095A01012,2020-08-17,510.28
887,INDUSINDBK,EQ,N,524.75,506.5,512.45,521.6,520.7,513.15,10993530,5669168137.4,1596.55,235.55,115465,INE095A01012,2020-08-18,515.68
888,INDUSINDBK,EQ,N,530.0,519.15,523.0,522.15,522.0,521.6,10896370,5724211262.5,1596.55,235.55,114886,INE095A01012,2020-08-19,525.33
889,INDUSINDBK,EQ,N,520.55,511.1,515.6,513.4,513.6,522.15,7658814,3944322840.5,1596.55,235.55,88093,INE095A01012,2020-08-20,515.0
890,INDUSINDBK,EQ,N,521.4,512.5,520.0,513.55,514.6,513.4,6411024,3313355808.25,1596.55,235.55,70996,INE095A01012,2020-08-21,516.82
891,INDUSINDBK,EQ,N,535.45,516.0,518.0,529.15,530.65,513.55,14887691,7844105333.65,1596.55,235.55,151852,INE095A01012,2020-08-24,526.89
892,INDUSINDBK,EQ,N,546.4,530.2,535.0,536.5,538.8,529.15,18377634,9910983786.7,1596.55,235.55,181713,INE095A01012,2020-08-25,539.3
893,INDUSINDBK,EQ,N,572.2,538.45,541.45,567.65,568.5,536.5,26851878,14944084391.7,1596.55,235.55,272262,INE095A01012,2020-08-26,556.54
894,INDUSINDBK,EQ,N,619.75,572.0,572.4,605.85,604.7,567.65,48568998,29098330329.65,1596.55,235.55,505713,INE095A01012,2020-08-27,599.11
895,INDUSINDBK,EQ,N,689.0,595.5,600.0,665.65,677.0,605.85,55986893,35638476085.25,1596.55,235.55,527327,INE095A01012,2020-08-28,636.55
896,INDUSINDBK,EQ,N,712.0,620.75,705.0,630.2,631.5,665.65,57316982,37409346431.8,1596.55,235.55,590783,INE095A01012,2020-08-31,652.67
897,INDUSINDBK,EQ,N,662.5,588.7,638.1,627.45,631.5,630.2,47295465,29843747682.4,1596.55,235.55,490236,INE095A01012,2020-09-01,631.01
898,INDUSINDBK,EQ,N,651.1,614.1,632.0,640.55,640.6,627.45,19769514,12459478460.4,1596.55,235.55,222864,INE095A01012,2020-09-02,630.24
899,INDUSINDBK,EQ,N,648.25,625.0,644.0,631.85,632.05,640.55,14985742,9521113641.2,1596.55,235.55,189490,INE095A01012,2020-09-03,635.34
900,INDUSINDBK,EQ,N,642.0,603.55,611.05,616.15,618.6,631.85,21613034,13496378539.05,1596.55,235.55,244668,INE095A01012,2020-09-04,624.46
901,INDUSINDBK,EQ,N,624.95,597.55,621.5,608.7,607.0,616.15,13890403,8508072699.85,1596.55,235.55,180478,INE095A01012,2020-09-07,612.51
902,INDUSINDBK,EQ,N,612.9,599.0,609.0,600.4,600.0,608.7,13303912,8046337394.15,1596.55,235.55,145655,INE095A01012,2020-09-08,604.81
903,INDUSINDBK,EQ,N,609.7,588.65,590.0,604.6,609.1,600.4,17123149,10284898568.95,1596.55,235.55,193722,INE095A01012,2020-09-09,600.64
904,INDUSINDBK,EQ,N,627.8,610.0,614.0,620.45,620.2,604.6,15925336,9874960523.6,1596.55,235.55,191262,INE095A01012,2020-09-10,620.08
905,INDUSINDBK,EQ,N,622.4,603.25,618.0,610.35,610.0,620.45,11347391,6925335990.0,1596.55,235.55,152869,INE095A01012,2020-09-11,610.3
906,INDUSINDBK,EQ,N,620.0,603.85,617.1,609.35,605.95,610.35,9287424,5692547548.4,1596.55,235.55,111369,INE095A01012,2020-09-14,612.93
907,INDUSINDBK,EQ,N,639.0,601.2,609.35,633.4,637.85,609.35,13447085,8341330739.5,1596.55,235.55,165421,INE095A01012,2020-09-15,620.31
908,INDUSINDBK,EQ,N,641.0,613.65,641.0,621.65,620.75,633.4,17941047,11207527132.85,1596.55,235.55,221076,INE095A01012,2020-09-16,624.69
909,INDUSINDBK,EQ,N,624.8,610.2,614.75,617.35,618.0,621.65,9390779,5805107603.8,1596.55,235.55,123718,INE095A01012,2020-09-17,618.17
854,INDUSINDBK,EQ,N,624.65,600.0,622.95,613.2,616.2,617.35,10335152,6349554499.85,1596.55,235.55,150098,INE095A01012,2020-09-18,614.36
855,INDUSINDBK,EQ,N,617.4,553.85,612.9,560.6,560.95,613.2,15649472,9145010777.05,1596.55,235.55,221061,INE095A01012,2020-09-21,584.37
856,INDUSINDBK,EQ,N,578.0,537.0,564.0,544.0,542.3,560.6,26363876,14620519295.2,1596.55,235.55,301684,INE095A01012,2020-09-22,554.57
857,INDUSINDBK,EQ,N,553.85,519.1,551.0,528.05,527.95,544.0,20046498,10678738492.85,1596.55,235.55,212380,INE095A01012,2020-09-23,532.7
858,INDUSINDBK,EQ,N,519.0,485.0,517.15,490.25,488.7,528.05,20947152,10529229046.6,1596.55,235.55,274904,INE095A01012,2020-09-24,502.66
859,INDUSINDBK,EQ,N,521.3,491.2,499.9,514.85,512.0,490.25,19311514,9783750952.5,1596.55,235.55,220234,INE095A01012,2020-09-25,506.63
860,INDUSINDBK,EQ,N,563.3,516.15,522.9,555.1,556.0,514.85,24397490,13316225316.2,1596.55,235.55,287462,INE095A01012,2020-09-28,545.8
861,INDUSINDBK,EQ,N,561.85,528.95,559.0,536.25,535.9,555.1,21321966,11473479169.7,1596.55,235.55,253312,INE095A01012,2020-09-29,538.11
862,INDUSINDBK,EQ,N,539.7,520.25,536.25,527.4,524.75,536.25,18784991,9950654703.25,1596.55,235.55,200495,INE095A01012,2020-09-30,529.71
863,INDUSINDBK,EQ,N,597.05,537.0,540.0,592.2,593.0,527.4,49858887,28581284350.55,1596.55,235.55,490730,INE095A01012,2020-10-01,573.24
864,INDUSINDBK,EQ,N,630.7,592.0,593.2,601.55,603.5,592.2,43964465,26833236510.25,1596.55,235.55,514578,INE095A01012,2020-10-05,610.34
865,INDUSINDBK,EQ,N,628.35,606.2,615.95,622.8,621.85,601.55,25112903,15508508857.4,1596.55,235.55,272900,INE095A01012,2020-10-06,617.55
866,INDUSINDBK,EQ,N,625.8,606.1,620.95,619.1,619.0,622.8,19071860,11749589694.25,1596.55,235.55,221869,INE095A01012,2020-10-07,616.07
867,INDUSINDBK,EQ,N,638.5,614.05,620.0,617.7,616.35,619.1,20978257,13139887883.1,1596.55,235.55,240693,INE095A01012,2020-10-08,626.36
868,INDUSINDBK,EQ,N,633.0,615.0,618.05,623.05,624.1,617.7,18622258,11614071674.35,1596.55,235.55,208694,INE095A01012,2020-10-09,623.67
869,INDUSINDBK,EQ,N,632.0,610.5,628.2,614.45,613.0,623.05,11751051,7280202743.45,1596.55,235.55,142111,INE095A01012,2020-10-12,619.54
870,INDUSINDBK,EQ,N,620.75,602.45,611.6,608.2,606.95,614.45,11579418,7081606394.0,1596.55,235.55,135185,INE095A01012,2020-10-13,611.57
871,INDUSINDBK,EQ,N,626.45,597.5,600.0,622.65,622.9,608.2,14624576,8960307982.1,1596.55,235.55,158682,INE095A01012,2020-10-14,612.69
872,INDUSINDBK,EQ,N,632.5,593.35,622.65,598.0,598.15,622.65,14728590,9077213035.8,1596.55,235.55,170892,INE095A01012,2020-10-15,616.3
873,INDUSINDBK,EQ,N,613.9,601.4,604.8,608.3,607.5,598.0,11570365,7034594919.85,1596.55,235.55,118869,INE095A01012,2020-10-16,607.98
874,INDUSINDBK,EQ,N,630.65,606.2,607.55,627.1,624.55,608.3,14576825,9084860047.4,1596.55,235.55,187165,INE095A01012,2020-10-19,623.24
875,INDUSINDBK,EQ,N,628.9,616.6,622.0,625.25,626.65,627.1,9607812,5983280492.9,1596.55,235.55,118853,INE095A01012,2020-10-20,622.75
876,INDUSINDBK,EQ,N,647.8,599.55,631.0,628.1,627.3,625.25,26627198,16825286141.15,1596.55,235.55,320967,INE095A01012,2020-10-21,631.88
877,INDUSINDBK,EQ,N,630.85,605.65,621.0,608.75,609.3,628.1,15976059,9840849158.75,1596.55,235.55,203149,INE095A01012,2020-10-22,615.97
878,INDUSINDBK,EQ,N,617.7,604.35,617.0,608.15,606.4,608.75,12435720,7593316955.0,1596.55,235.55,146909,INE095A01012,2020-10-23,610.61
879,INDUSINDBK,EQ,N,633.3,613.55,617.0,616.65,616.9,608.15,17438518,10839598158.2,1596.55,235.55,224507,INE095A01012,2020-10-26,621.59
880,INDUSINDBK,EQ,N,623.4,595.1,616.6,614.0,614.5,616.65,15012429,9147237748.0,1596.55,235.55,203634,INE095A01012,2020-10-27,609.31
826,INDUSINDBK,EQ,N,615.95,586.1,614.5,592.85,594.5,614.0,14933521,8951845862.95,1596.55,235.55,226095,INE095A01012,2020-10-28,599.45
827,INDUSINDBK,EQ,N,599.8,571.0,585.0,588.7,588.8,592.85,16511226,9648824505.8,1596.55,235.55,240123,INE095A01012,2020-10-29,584.38
828,INDUSINDBK,EQ,N,602.0,576.5,592.0,585.7,585.2,588.7,16811388,9900299596.65,1596.55,235.55,197267,INE095A01012,2020-10-30,588.9
829,INDUSINDBK,EQ,N,635.0,590.0,590.0,628.35,623.45,585.7,33145934,20577476603.8,1596.55,235.55,398599,INE095A01012,2020-11-02,620.81
830,INDUSINDBK,EQ,N,650.0,631.55,631.55,646.6,646.0,628.35,19566145,12607370166.45,1596.55,235.55,256458,INE095A01012,2020-11-03,644.35
831,INDUSINDBK,EQ,N,681.0,648.0,649.6,678.05,678.2,646.6,33533745,22392024477.85,1596.55,235.55,402454,INE095A01012,2020-11-04,667.75
832,INDUSINDBK,EQ,N,727.0,678.3,694.95,714.4,720.0,678.05,23471764,16368273818.0,1596.55,235.55,299761,INE095A01012,2020-11-05,697.36
833,INDUSINDBK,EQ,N,747.0,707.0,714.75,738.65,736.5,714.4,29896664,21756576889.6,1596.55,235.55,342668,INE095A01012,2020-11-06,727.73
834,INDUSINDBK,EQ,N,780.5,735.05,746.05,775.45,775.05,738.65,28036644,21205552759.8,1596.55,235.55,346033,INE095A01012,2020-11-09,756.35
835,INDUSINDBK,EQ,N,870.0,783.0,784.0,835.2,832.0,775.45,59758713,49427477216.35,1596.55,235.55,688260,INE095A01012,2020-11-10,827.12
836,INDUSINDBK,EQ,N,839.05,752.5,839.0,787.95,791.25,835.2,51561819,40948049790.6,1596.55,235.55,687502,INE095A01012,2020-11-11,794.15
837,INDUSINDBK,EQ,N,802.85,761.8,790.0,769.2,767.5,787.95,28387177,22002629973.15,1596.55,235.55,387904,INE095A01012,2020-11-12,775.09
838,INDUSINDBK,EQ,N,774.7,741.75,760.05,768.55,766.95,769.2,25472191,19318529196.3,1596.55,235.55,338334,INE095A01012,2020-11-13,758.42
839,INDUSINDBK,EQ,N,785.0,757.45,776.6,770.45,766.05,768.55,3253864,2524768595.15,1596.55,235.55,53077,INE095A01012,2020-11-14,775.93
840,INDUSINDBK,EQ,N,793.75,772.25,777.9,784.15,784.6,770.45,14873173,11664692122.9,1596.55,235.55,216733,INE095A01012,2020-11-17,784.28
841,INDUSINDBK,EQ,N,834.0,775.0,780.0,828.3,830.5,784.15,25491255,20603296157.65,1596.55,235.55,307834,INE095A01012,2020-11-18,808.25
842,INDUSINDBK,EQ,N,845.9,804.2,816.0,818.0,812.35,828.3,29797661,24605017302.85,1596.55,235.55,373372,INE095A01012,2020-11-19,825.74
843,INDUSINDBK,EQ,N,829.9,788.8,818.1,811.0,806.0,818.0,25424060,20540832800.25,1596.55,235.55,326867,INE095A01012,2020-11-20,807.93
844,INDUSINDBK,EQ,N,880.9,832.5,836.0,849.75,841.7,811.0,39219488,33491902674.2,1596.55,235.55,536483,INE095A01012,2020-11-23,853.96
845,INDUSINDBK,EQ,N,860.95,836.3,852.0,853.7,855.5,849.75,19828772,16822059675.45,1596.55,235.55,258061,INE095A01012,2020-11-24,848.37
846,INDUSINDBK,EQ,N,874.9,845.25,863.6,855.05,848.0,853.7,24215222,20812722428.75,1596.55,235.55,308715,INE095A01012,2020-11-25,859.49
847,INDUSINDBK,EQ,N,860.8,835.0,857.0,850.55,854.0,855.05,16934720,14341734995.7,1596.55,235.55,241214,INE095A01012,2020-11-26,846.88
848,INDUSINDBK,EQ,N,862.45,848.55,856.0,857.65,859.0,850.55,10212987,8737966898.35,1596.55,235.55,132563,INE095A01012,2020-11-27,855.57
849,INDUSINDBK,EQ,N,900.0,858.1,863.0,895.5,900.0,857.65,14690547,12949391326.95,1596.55,235.55,219225,INE095A01012,2020-12-01,881.48
850,INDUSINDBK,EQ,N,905.75,881.3,902.0,897.3,895.5,895.5,14965085,13387182765.55,1596.55,235.55,227625,INE095A01012,2020-12-02,894.56
851,INDUSINDBK,EQ,N,907.9,890.5,900.1,896.25,897.0,897.3,9724314,8755309107.65,1596.55,235.55,158400,INE095A01012,2020-12-03,900.35
852,INDUSINDBK,EQ,N,920.0,889.8,902.5,913.65,916.25,896.25,12658012,11457596767.55,1596.55,235.55,176834,INE095A01012,2020-12-04,905.17
796,INDUSINDBK,EQ,N,953.5,913.2,915.0,935.15,933.3,913.65,15479752,14485087851.1,1585.0,235.55,216909,INE095A01012,2020-12-07,935.74
797,INDUSINDBK,EQ,N,938.75,907.1,937.05,916.7,918.5,935.15,13141739,12083720525.35,1585.0,235.55,183996,INE095A01012,2020-12-08,919.49
798,INDUSINDBK,EQ,N,938.5,918.7,930.0,928.5,927.05,916.7,7937423,7368950728.5,1585.0,235.55,117587,INE095A01012,2020-12-09,928.38
799,INDUSINDBK,EQ,N,927.0,905.0,917.95,915.85,916.0,928.5,9145597,8353776743.0,1585.0,235.55,129415,INE095A01012,2020-12-10,913.42
800,INDUSINDBK,EQ,N,933.35,915.1,916.75,923.75,923.0,915.85,8417189,7789082191.3,1585.0,235.55,123723,INE095A01012,2020-12-11,925.38
801,INDUSINDBK,EQ,N,935.0,918.05,927.0,921.25,920.65,923.75,5936096,5507285269.6,1585.0,235.55,107627,INE095A01012,2020-12-14,927.76
802,INDUSINDBK,EQ,N,931.4,908.45,923.0,926.75,926.5,921.25,7646858,7037348472.05,1585.0,235.55,117661,INE095A01012,2020-12-15,920.29
803,INDUSINDBK,EQ,N,937.75,915.0,932.0,921.8,917.9,926.75,6068477,5635999601.25,1585.0,235.55,126850,INE095A01012,2020-12-16,928.73
804,INDUSINDBK,EQ,N,948.0,914.0,914.0,935.8,937.95,921.8,14078222,13205134801.75,1585.0,235.55,221021,INE095A01012,2020-12-17,937.98
805,INDUSINDBK,EQ,N,937.5,887.55,935.8,905.2,906.75,935.8,14605713,13259849964.25,1585.0,235.55,221497,INE095A01012,2020-12-18,907.85
806,INDUSINDBK,EQ,N,906.0,814.7,905.2,842.7,834.0,905.2,18106992,15634009948.05,1585.0,235.55,323247,INE095A01012,2020-12-21,863.42
807,INDUSINDBK,EQ,N,857.5,813.65,842.7,840.7,839.75,842.7,21961153,18293199667.05,1585.0,235.55,330644,INE095A01012,2020-12-22,832.98
808,INDUSINDBK,EQ,N,861.95,832.75,841.95,855.35,860.8,840.7,12353093,10516690244.35,1585.0,235.55,164938,INE095A01012,2020-12-23,851.34
809,INDUSINDBK,EQ,N,870.0,849.1,862.0,852.8,850.95,855.35,10293688,8845552999.0,1585.0,235.55,157849,INE095A01012,2020-12-24,859.32
810,INDUSINDBK,EQ,N,871.0,853.0,855.0,866.95,870.5,852.8,5449095,4714880019.1,1585.0,235.55,96487,INE095A01012,2020-12-28,865.26
811,INDUSINDBK,EQ,N,917.65,873.5,875.0,912.9,916.5,866.95,20727636,18680237101.8,1585.0,235.55,343322,INE095A01012,2020-12-29,901.22
812,INDUSINDBK,EQ,N,922.7,888.0,919.05,899.05,899.45,912.9,11462263,10340660508.45,1585.0,235.55,180536,INE095A01012,2020-12-30,902.15
813,INDUSINDBK,EQ,N,906.9,890.05,904.0,894.95,893.0,899.05,6435333,5786495205.35,1585.0,235.55,118970,INE095A01012,2020-12-31,899.18
814,INDUSINDBK,EQ,N,904.0,893.05,895.0,900.15,901.15,894.95,4632855,4168730867.45,1585.0,235.55,64207,INE095A01012,2021-01-01,899.82
815,INDUSINDBK,EQ,N,914.0,887.45,910.0,897.85,897.7,900.15,6991890,6306166722.4,1585.0,235.55,115454,INE095A01012,2021-01-04,901.93
816,INDUSINDBK,EQ,N,927.35,883.0,891.7,921.65,921.8,897.85,11907501,10822327907.15,1585.0,235.55,176324,INE095A01012,2021-01-05,908.87
817,INDUSINDBK,EQ,N,936.75,909.4,924.95,922.35,918.0,921.65,9768197,9035931742.1,1585.0,235.55,158353,INE095A01012,2021-01-06,925.04
818,INDUSINDBK,EQ,N,961.65,931.1,935.0,952.05,952.4,922.35,12154311,11531283563.55,1585.0,235.55,210193,INE095A01012,2021-01-07,948.74
819,INDUSINDBK,EQ,N,976.0,932.1,965.0,939.8,936.75,952.05,10838196,10359953762.4,1585.0,235.55,160280,INE095A01012,2021-01-08,955.87
820,INDUSINDBK,EQ,N,950.95,926.2,942.9,929.1,928.9,939.8,8419415,7869049947.55,1585.0,235.55,141817,INE095A01012,2021-01-11,934.63
821,INDUSINDBK,EQ,N,941.5,906.55,920.0,927.65,925.0,929.1,8805330,8132702190.9,1585.0,235.55,142400,INE095A01012,2021-01-12,923.61
822,INDUSINDBK,EQ,N,953.5,926.15,932.8,942.75,942.15,927.65,9473962,8920306699.85,1585.0,235.55,139743,INE095A01012,2021-01-13,941.56
823,INDUSINDBK,EQ,N,980.7,951.25,953.0,969.7,971.05,942.75,14887258,14456370775.05,1585.0,235.55,242517,INE095A01012,2021-01-14,971.06
768,INDUSINDBK,EQ,N,983.0,953.45,974.0,965.9,967.25,969.7,9195430,8888592660.95,1585.0,235.55,162177,INE095A01012,2021-01-15,966.63
769,INDUSINDBK,EQ,N,960.0,924.0,959.0,932.8,926.0,965.9,10668611,9999088113.1,1367.9,235.55,150608,INE095A01012,2021-01-18,937.24
770,INDUSINDBK,EQ,N,952.0,936.25,942.05,939.9,940.15,932.8,6309233,5953860122.2,1367.9,235.55,102367,INE095A01012,2021-01-19,943.67
771,INDUSINDBK,EQ,N,953.85,928.25,936.9,947.7,946.85,939.9,7004445,6610945192.1,1367.9,235.55,106295,INE095A01012,2021-01-20,943.82
772,INDUSINDBK,EQ,N,967.0,918.25,959.4,925.85,929.9,947.7,8216362,7805879676.95,1367.9,235.55,147764,INE095A01012,2021-01-21,950.04
773,INDUSINDBK,EQ,N,934.0,890.0,930.0,893.3,893.0,925.85,11366492,10386230848.2,1367.9,235.55,200383,INE095A01012,2021-01-22,913.76
774,INDUSINDBK,EQ,N,912.35,839.2,906.0,849.15,844.0,893.3,11829328,10321845122.55,1346.05,235.55,217151,INE095A01012,2021-01-25,872.56
775,INDUSINDBK,EQ,N,860.8,806.0,848.0,820.15,815.0,849.15,15810173,13136388039.05,1346.05,235.55,281856,INE095A01012,2021-01-27,830.88
776,INDUSINDBK,EQ,N,828.85,789.0,801.3,802.6,805.0,820.15,13789865,11149349427.3,1346.05,235.55,242130,INE095A01012,2021-01-28,808.52
777,INDUSINDBK,EQ,N,860.85,815.65,817.1,846.1,851.9,802.6,19305853,16239566007.35,1346.05,235.55,303704,INE095A01012,2021-01-29,841.17
778,INDUSINDBK,EQ,N,981.4,856.0,859.0,970.6,974.2,846.1,38067807,35477125316.75,1346.05,235.55,553461,INE095A01012,2021-02-01,931.95
779,INDUSINDBK,EQ,N,999.0,949.3,982.4,975.65,974.4,970.6,20556081,20022417915.1,1346.05,235.55,322322,INE095A01012,2021-02-02,974.04
780,INDUSINDBK,EQ,N,1080.8,972.2,980.0,1048.55,1046.8,975.65,34995822,36676142245.7,1346.05,235.55,623053,INE095A01012,2021-02-03,1048.01
781,INDUSINDBK,EQ,N,1042.0,1016.0,1034.9,1032.15,1031.95,1048.55,13666242,14042848100.3,1346.05,235.55,265426,INE095A01012,2021-02-04,1027.56
782,INDUSINDBK,EQ,N,1085.0,1016.3,1045.0,1025.1,1028.0,1032.15,19524257,20504855240.55,1346.05,235.55,354818,INE095A01012,2021-02-05,1050.22
783,INDUSINDBK,EQ,N,1055.0,1028.0,1036.05,1035.1,1037.9,1025.1,7162284,7465438710.15,1309.9,235.55,149679,INE095A01012,2021-02-08,1042.33
784,INDUSINDBK,EQ,N,1051.6,1020.0,1044.0,1025.8,1027.6,1035.1,7984133,8260662389.45,1309.9,235.55,134557,INE095A01012,2021-02-09,1034.63
785,INDUSINDBK,EQ,N,1038.45,1003.6,1035.0,1022.8,1027.0,1025.8,7815034,7951912141.15,1309.9,235.55,156341,INE095A01012,2021-02-10,1017.51
786,INDUSINDBK,EQ,N,1036.0,1015.3,1025.0,1021.9,1022.3,1022.8,5760021,5892568187.85,1309.9,235.55,138543,INE095A01012,2021-02-11,1023.01
787,INDUSINDBK,EQ,N,1059.5,1012.0,1023.8,1027.4,1025.1,1021.9,13959383,14553772998.2,1309.9,235.55,258960,INE095A01012,2021-02-12,1042.58
788,INDUSINDBK,EQ,N,1063.0,1037.7,1044.9,1057.6,1059.0,1027.4,9121286,9607396330.0,1209.0,235.55,187726,INE095A01012,2021-02-15,1053.29
789,INDUSINDBK,EQ,N,1096.5,1041.1,1068.0,1058.25,1063.0,1057.6,13883441,14842039558.75,1209.0,235.55,278407,INE095A01012,2021-02-16,1069.05
790,INDUSINDBK,EQ,N,1085.0,1026.2,1080.0,1033.2,1032.1,1058.25,13855321,14477779726.85,1209.0,235.55,233993,INE095A01012,2021-02-17,1044.93
791,INDUSINDBK,EQ,N,1055.4,1033.4,1045.0,1046.05,1043.75,1033.2,8911120,9309858269.4,1209.0,235.55,162856,INE095A01012,2021-02-18,1044.75
792,INDUSINDBK,EQ,N,1074.55,1027.8,1035.0,1065.9,1069.8,1046.05,14557527,15368213441.0,1209.0,235.55,217668,INE095A01012,2021-02-19,1055.69
793,INDUSINDBK,EQ,N,1067.1,1018.0,1064.95,1022.9,1025.65,1065.9,9412265,9814117579.1,1189.5,235.55,178180,INE095A01012,2021-02-22,1042.69
794,INDUSINDBK,EQ,N,1053.95,1018.0,1033.15,1048.3,1048.0,1022.9,7160332,7446871984.45,1189.5,235.55,128785,INE095A01012,2021-02-23,1040.02
795,INDUSINDBK,EQ,N,1076.0,1041.25,1047.3,1070.0,1067.0,1048.3,6833820,7249642611.65,1189.5,235.55,119960,INE095A01012,2021-02-24,1060.85
743,INDUSINDBK,EQ,N,1119.5,1079.0,1080.0,1109.75,1110.25,1070.0,12716781,14074802523.4,1189.5,235.55,244535,INE095A01012,2021-02-25,1106.79
744,INDUSINDBK,EQ,N,1082.9,1051.25,1070.0,1062.95,1062.8,1109.75,12247085,13045767213.15,1189.5,235.55,224480,INE095A01012,2021-02-26,1065.21
745,INDUSINDBK,EQ,N,1096.6,1063.15,1075.0,1067.95,1069.2,1062.95,6358886,6840732248.45,1136.95,235.55,122954,INE095A01012,2021-03-01,1075.78
746,INDUSINDBK,EQ,N,1086.3,1060.0,1075.0,1073.35,1074.0,1067.95,4917345,5269933186.05,1136.95,235.55,99556,INE095A01012,2021-03-02,1071.7
747,INDUSINDBK,EQ,N,1104.0,1077.15,1080.0,1099.75,1102.0,1073.35,5695638,6209549931.05,1136.95,235.55,103549,INE095A01012,2021-03-03,1090.23
748,INDUSINDBK,EQ,N,1116.0,1072.6,1078.0,1091.95,1093.0,1099.75,6128220,6709732619.25,1136.95,235.55,124323,INE095A01012,2021-03-04,1094.89
749,INDUSINDBK,EQ,N,1084.0,1025.45,1084.0,1039.9,1043.0,1091.95,13926140,14579754583.8,1136.95,235.55,270327,INE095A01012,2021-03-05,1046.93
750,INDUSINDBK,EQ,N,1055.45,1014.5,1054.0,1018.25,1016.85,1039.9,10522267,10825730030.05,1119.5,235.55,188337,INE095A01012,2021-03-08,1028.84
751,INDUSINDBK,EQ,N,1035.6,1005.0,1025.6,1024.8,1025.2,1018.25,9915907,10107878993.4,1119.5,235.55,205834,INE095A01012,2021-03-09,1019.36
752,INDUSINDBK,EQ,N,1060.0,1033.05,1043.15,1039.85,1041.9,1024.8,8832614,9236766631.1,1119.5,235.55,162178,INE095A01012,2021-03-10,1045.76
753,INDUSINDBK,EQ,N,1056.4,1015.65,1052.0,1022.65,1019.25,1039.85,5735382,5939020613.95,1119.5,235.55,123230,INE095A01012,2021-03-12,1035.51
754,INDUSINDBK,EQ,N,1043.6,988.2,1027.8,1038.65,1038.9,1022.65,8020745,8130493399.1,1119.5,235.55,160734,INE095A01012,2021-03-15,1013.68
755,INDUSINDBK,EQ,N,1049.9,1028.0,1045.0,1034.7,1033.0,1038.65,5161126,5357762776.6,1119.5,235.55,108299,INE095A01012,2021-03-16,1038.1
756,INDUSINDBK,EQ,N,1039.0,1002.6,1032.0,1008.95,1008.0,1034.7,4712570,4824698872.4,1119.5,235.55,100068,INE095A01012,2021-03-17,1023.79
757,INDUSINDBK,EQ,N,1030.7,988.0,1025.0,1002.8,1005.0,1008.95,5797610,5854805248.5,1119.5,235.55,115935,INE095A01012,2021-03-18,1009.87
758,INDUSINDBK,EQ,N,1018.8,981.1,990.0,1011.9,1011.85,1002.8,6838935,6833720802.55,1119.5,235.55,142170,INE095A01012,2021-03-19,999.24
759,INDUSINDBK,EQ,N,1011.85,961.05,1006.0,968.15,969.35,1011.9,12692489,12433880110.8,1119.5,235.55,221830,INE095A01012,2021-03-22,979.63
760,INDUSINDBK,EQ,N,994.4,970.0,977.0,990.05,990.9,968.15,7530882,7417223780.9,1119.5,235.55,161537,INE095A01012,2021-03-23,984.91
761,INDUSINDBK,EQ,N,985.0,955.0,980.05,958.7,961.0,990.05,5028085,4879941103.4,1119.5,235.55,119278,INE095A01012,2021-03-24,970.54
762,INDUSINDBK,EQ,N,970.0,928.85,958.7,957.8,958.1,958.7,7614686,7234052351.5,1119.5,235.55,164062,INE095A01012,2021-03-25,950.01
763,INDUSINDBK,EQ,N,976.5,950.0,973.8,952.75,955.55,957.8,4891178,4712667396.8,1119.5,235.55,110975,INE095A01012,2021-03-26,963.5
764,INDUSINDBK,EQ,N,978.4,955.0,966.0,961.05,961.1,952.75,5832348,5625537135.65,1119.5,310.2,112842,INE095A01012,2021-03-30,964.54
765,INDUSINDBK,EQ,N,969.0,950.0,961.05,954.45,955.85,961.05,4453746,4273393107.8,1119.5,310.2,89554,INE095A01012,2021-03-31,959.51
766,INDUSINDBK,EQ,N,997.0,959.1,964.0,993.3,996.0,954.45,7932671,7732052691.5,1119.5,310.2,128089,INE095A01012,2021-04-01,974.71
767,INDUSINDBK,EQ,N,988.95,918.55,985.0,937.35,938.25,993.3,11223431,10577529681.7,1119.5,330.0,218638,INE095A01012,2021-04-05,942.45
716,INDUSINDBK,EQ,N,954.2,921.5,947.8,927.25,929.9,937.35,6925347,6475409047.75,1119.5,330.0,134552,INE095A01012,2021-04-06,935.03
717,INDUSINDBK,EQ,N,952.45,921.15,931.0,945.55,947.0,927.25,5714921,5390692480.95,1119.5,330.0,128307,INE095A01012,2021-04-07,943.27
718,INDUSINDBK,EQ,N,957.95,932.0,949.0,934.9,935.0,945.55,3946239,3733336202.35,1119.5,330.0,82956,INE095A01012,2021-04-08,946.05
719,INDUSINDBK,EQ,N,939.7,917.45,935.0,923.65,924.95,934.9,4980026,4621310138.05,1119.5,330.0,110663,INE095A01012,2021-04-09,927.97
720,INDUSINDBK,EQ,N,890.0,841.0,884.0,844.4,844.5,923.65,10674765,9101413000.55,1119.5,330.0,272488,INE095A01012,2021-04-12,852.61
721,INDUSINDBK,EQ,N,881.0,844.5,850.0,877.4,876.95,844.4,6778840,5861153638.65,1119.5,330.0,147907,INE095A01012,2021-04-13,864.62
722,INDUSINDBK,EQ,N,883.8,841.25,867.5,858.35,859.0,877.4,6862663,5885089793.9,1119.5,330.0,151956,INE095A01012,2021-04-15,857.55
723,INDUSINDBK,EQ,N,869.95,853.05,864.1,862.95,862.1,858.35,5338683,4591914928.75,1119.5,330.0,102179,INE095A01012,2021-04-16,860.12
724,INDUSINDBK,EQ,N,836.55,811.0,829.95,832.0,831.6,862.95,8550122,7030929833.45,1119.5,330.0,155119,INE095A01012,2021-04-19,822.32
725,INDUSINDBK,EQ,N,864.8,840.05,845.0,845.0,842.25,832.0,8240669,7042999776.85,1119.5,330.0,133728,INE095A01012,2021-04-20,854.66
726,INDUSINDBK,EQ,N,839.95,815.0,831.0,835.7,835.0,845.0,9717099,8045827935.15,1119.5,330.0,182043,INE095A01012,2021-04-22,828.01
727,INDUSINDBK,EQ,N,859.95,822.8,830.0,850.0,848.0,835.7,7695324,6523115483.5,1119.5,330.0,130695,INE095A01012,2021-04-23,847.67
728,INDUSINDBK,EQ,N,870.95,851.45,857.0,859.55,859.0,850.0,4894557,4214416579.3,1119.5,330.0,89276,INE095A01012,2021-04-26,861.04
729,INDUSINDBK,EQ,N,886.0,859.0,859.55,882.45,883.55,859.55,5202133,4543845266.2,1119.5,330.0,96508,INE095A01012,2021-04-27,873.46
730,INDUSINDBK,EQ,N,931.0,888.0,890.0,926.9,925.9,882.45,9935828,9086735141.05,1119.5,330.0,179909,INE095A01012,2021-04-28,914.54
731,INDUSINDBK,EQ,N,958.85,917.1,936.85,939.45,942.45,926.9,12187280,11418783137.5,1119.5,330.0,201702,INE095A01012,2021-04-29,936.94
732,INDUSINDBK,EQ,N,948.5,915.1,928.0,934.95,934.95,939.45,7301455,6840899985.25,1119.5,330.0,117673,INE095A01012,2021-04-30,936.92
733,INDUSINDBK,EQ,N,967.7,899.0,929.0,913.6,913.5,934.95,16854199,15623940955.45,1119.5,330.0,285821,INE095A01012,2021-05-03,927.01
734,INDUSINDBK,EQ,N,934.5,906.0,930.0,910.15,912.0,913.6,7499852,6916664527.9,1119.5,330.0,119444,INE095A01012,2021-05-04,922.24
735,INDUSINDBK,EQ,N,934.75,909.3,923.0,931.15,933.05,910.15,5975741,5532194516.65,1119.5,330.0,92721,INE095A01012,2021-05-05,925.78
736,INDUSINDBK,EQ,N,938.65,920.0,937.45,924.95,925.85,931.15,3705397,3430816338.85,1119.5,330.0,67181,INE095A01012,2021-05-06,925.9
737,INDUSINDBK,EQ,N,951.8,925.0,932.55,926.2,926.5,924.95,5419712,5078037442.35,1119.5,330.0,96707,INE095A01012,2021-05-07,936.96
738,INDUSINDBK,EQ,N,949.95,931.15,939.0,945.4,947.15,926.2,5087341,4799123195.95,1119.5,330.0,92859,INE095A01012,2021-05-10,943.35
739,INDUSINDBK,EQ,N,957.0,922.9,923.95,948.85,947.65,945.4,5732298,5412134166.4,1119.5,330.0,95503,INE095A01012,2021-05-11,944.15
740,INDUSINDBK,EQ,N,950.55,914.0,942.0,916.65,916.5,948.85,5074561,4716989674.25,1119.5,330.0,97688,INE095A01012,2021-05-12,929.54
741,INDUSINDBK,EQ,N,923.0,888.1,923.0,890.85,891.0,916.65,6169600,5575014970.45,1119.5,330.0,143669,INE095A01012,2021-05-14,903.63
686,INDUSINDBK,EQ,N,959.9,897.1,897.1,956.45,958.0,890.85,10987165,10269165198.15,1119.5,330.0,193552,INE095A01012,2021-05-17,934.65
687,INDUSINDBK,EQ,N,986.95,967.0,967.0,974.55,976.7,956.45,8715366,8518117064.8,1119.5,330.0,157916,INE095A01012,2021-05-18,977.37
688,INDUSINDBK,EQ,N,978.6,961.2,965.0,967.0,965.45,974.55,4787294,4636917168.15,1119.5,330.0,86529,INE095A01012,2021-05-19,968.59
689,INDUSINDBK,EQ,N,987.9,963.0,963.0,975.5,976.5,967.0,5835440,5705853151.35,1119.5,330.0,107467,INE095A01012,2021-05-20,977.79
690,INDUSINDBK,EQ,N,1020.0,981.8,985.0,1016.0,1014.4,975.5,12591860,12697599910.6,1119.5,330.0,232673,INE095A01012,2021-05-21,1008.4
691,INDUSINDBK,EQ,N,1022.75,997.05,1018.9,1004.75,1002.0,1016.0,5385688,5421985318.15,1119.5,342.0,110245,INE095A01012,2021-05-24,1006.74
692,INDUSINDBK,EQ,N,1012.75,982.4,1012.0,993.9,995.7,1004.75,4583345,4567177028.55,1119.5,342.0,98977,INE095A01012,2021-05-25,996.47
693,INDUSINDBK,EQ,N,1007.95,987.0,998.85,998.45,996.5,993.9,2972854,2974877607.65,1119.5,342.0,55072,INE095A01012,2021-05-26,1000.68
694,INDUSINDBK,EQ,N,1013.3,987.0,995.3,1006.85,1010.1,998.45,4427518,4422532814.95,1119.5,342.0,82893,INE095A01012,2021-05-27,998.87
695,INDUSINDBK,EQ,N,1025.5,1003.0,1014.5,1019.35,1020.0,1006.85,5388785,5465037131.9,1119.5,342.0,94802,INE095A01012,2021-05-28,1014.15
696,INDUSINDBK,EQ,N,1020.4,1004.0,1015.0,1013.0,1014.8,1019.35,2643491,2680987915.1,1119.5,401.05,61342,INE095A01012,2021-05-31,1014.18
697,INDUSINDBK,EQ,N,1031.35,1006.0,1016.0,1010.05,1009.85,1013.0,3766919,3827537728.55,1119.5,401.05,80586,INE095A01012,2021-06-01,1016.09
698,INDUSINDBK,EQ,N,1030.0,1003.5,1008.9,1028.0,1026.1,1010.05,4177378,4268534356.65,1119.5,401.05,71204,INE095A01012,2021-06-02,1021.82
699,INDUSINDBK,EQ,N,1037.25,964.05,1031.0,1005.75,1005.85,1028.0,14752885,14756258433.7,1119.5,401.05,258938,INE095A01012,2021-06-03,1000.23
700,INDUSINDBK,EQ,N,1023.4,1004.0,1012.2,1009.3,1009.6,1005.75,4323154,4373280083.5,1119.5,401.05,75892,INE095A01012,2021-06-04,1011.59
701,INDUSINDBK,EQ,N,1032.65,1009.5,1018.0,1025.2,1024.7,1009.3,3823401,3907085276.2,1119.5,444.0,73337,INE095A01012,2021-06-07,1021.89
702,INDUSINDBK,EQ,N,1028.0,1005.6,1025.0,1020.15,1019.1,1025.2,3141410,3197957936.4,1119.5,444.0,71477,INE095A01012,2021-06-08,1018.0
703,INDUSINDBK,EQ,N,1035.7,997.25,1019.0,1003.55,1006.25,1020.15,4767864,4861740672.9,1119.5,444.0,96730,INE095A01012,2021-06-09,1019.69
704,INDUSINDBK,EQ,N,1028.6,1006.0,1012.0,1024.35,1025.1,1003.55,2984339,3037444818.0,1119.5,444.0,62383,INE095A01012,2021-06-10,1017.79
705,INDUSINDBK,EQ,N,1032.0,1012.1,1028.0,1015.1,1015.6,1024.35,2679470,2730010279.9,1119.5,444.0,65768,INE095A01012,2021-06-11,1018.86
706,INDUSINDBK,EQ,N,1028.0,993.75,1012.0,1024.3,1024.9,1015.1,3982216,4032717185.9,1119.5,456.3,81895,INE095A01012,2021-06-14,1012.68
707,INDUSINDBK,EQ,N,1050.0,1025.0,1025.0,1034.45,1031.0,1024.3,6026006,6265522890.8,1119.5,456.3,118605,INE095A01012,2021-06-15,1039.75
708,INDUSINDBK,EQ,N,1038.7,1010.35,1030.0,1013.7,1015.0,1034.45,3325800,3404434012.5,1119.5,456.3,64568,INE095A01012,2021-06-16,1023.64
709,INDUSINDBK,EQ,N,1021.8,968.0,1002.0,984.05,983.7,1013.7,6126591,6112532542.2,1119.5,456.3,142713,INE095A01012,2021-06-17,997.71
710,INDUSINDBK,EQ,N,999.8,960.0,993.9,995.4,999.5,984.05,4895262,4805693330.45,1119.5,456.3,105836,INE095A01012,2021-06-18,981.7
711,INDUSINDBK,EQ,N,1010.0,968.05,977.0,1007.55,1008.0,995.4,3160990,3137049768.3,1119.5,461.0,64012,INE095A01012,2021-06-21,992.43
712,INDUSINDBK,EQ,N,1021.7,996.05,1015.9,1000.1,999.0,1007.55,4141759,4193092172.05,1119.5,461.0,86887,INE095A01012,2021-06-22,1012.39
713,INDUSINDBK,EQ,N,1017.8,996.5,1009.0,999.55,999.7,1000.1,3975716,4000754055.25,1119.5,461.0,74094,INE095A01012,2021-06-23,1006.3
714,INDUSINDBK,EQ,N,1008.0,996.2,1004.0,1000.65,999.1,999.55,2285845,2290591092.3,1119.5,461.0,44896,INE095A01012,2021-06-24,1002.08
659,INDUSINDBK,EQ,N,1020.0,986.65,997.0,1012.9,1010.0,1000.65,3499315,3526302700.15,1119.5,461.0,67714,INE095A01012,2021-06-25,1007.71
660,INDUSINDBK,EQ,N,1021.6,1001.0,1019.0,1008.9,1013.85,1012.9,2819763,2853211998.5,1119.5,472.0,52885,INE095A01012,2021-06-28,1011.86
661,INDUSINDBK,EQ,N,1022.0,1000.0,1009.0,1018.15,1014.75,1008.9,4543628,4601815962.05,1119.5,472.0,67883,INE095A01012,2021-06-29,1012.81
662,INDUSINDBK,EQ,N,1027.55,1012.15,1021.5,1016.35,1015.0,1018.15,2628556,2684482073.0,1119.5,472.0,53168,INE095A01012,2021-06-30,1021.28
663,INDUSINDBK,EQ,N,1016.95,1000.0,1011.0,1007.7,1007.05,1016.35,3070067,3098595343.3,1119.5,472.0,49955,INE095A01012,2021-07-01,1009.29
664,INDUSINDBK,EQ,N,1014.15,1005.15,1008.0,1009.65,1010.0,1007.7,1501210,1516463329.05,1119.5,472.0,34132,INE095A01012,2021-07-02,1010.16
665,INDUSINDBK,EQ,N,1026.5,1012.0,1012.0,1020.55,1019.5,1009.65,1993126,2031966345.7,1119.5,483.25,38628,INE095A01012,2021-07-05,1019.49
666,INDUSINDBK,EQ,N,1035.0,1015.0,1018.7,1031.05,1028.55,1020.55,3019919,3108816244.55,1119.5,483.25,70748,INE095A01012,2021-07-06,1029.44
667,INDUSINDBK,EQ,N,1047.0,1013.0,1024.55,1044.9,1042.65,1031.05,3781022,3919119056.7,1119.5,483.25,92062,INE095A01012,2021-07-07,1036.52
668,INDUSINDBK,EQ,N,1061.0,1036.2,1042.85,1045.45,1046.0,1044.9,4139752,4350049381.55,1119.5,483.25,113895,INE095A01012,2021-07-08,1050.8
669,INDUSINDBK,EQ,N,1048.6,1026.2,1040.0,1039.95,1038.75,1045.45,3625932,3767435557.3,1119.5,483.25,69073,INE095A01012,2021-07-09,1039.03
670,INDUSINDBK,EQ,N,1057.65,1041.05,1045.4,1049.3,1048.2,1039.95,2010018,2110699842.15,1119.5,483.25,50531,INE095A01012,2021-07-12,1050.09
671,INDUSINDBK,EQ,N,1059.95,1044.0,1055.0,1055.9,1054.5,1049.3,2096758,2209370948.5,1119.5,483.25,48045,INE095A01012,2021-07-13,1053.71
672,INDUSINDBK,EQ,N,1060.5,1048.5,1050.0,1052.6,1050.4,1055.9,1566799,1650848371.9,1119.5,483.25,40792,INE095A01012,2021-07-14,1053.64
673,INDUSINDBK,EQ,N,1067.4,1050.0,1054.0,1055.1,1054.55,1052.6,2748272,2907990420.2,1119.5,483.25,80823,INE095A01012,2021-07-15,1058.12
674,INDUSINDBK,EQ,N,1058.95,1042.0,1054.0,1044.3,1042.5,1055.1,1218164,1275909118.45,1119.5,483.25,36897,INE095A01012,2021-07-16,1047.4
675,INDUSINDBK,EQ,N,1034.7,1005.55,1024.0,1015.85,1015.0,1044.3,2644846,2697539536.1,1119.5,483.25,62267,INE095A01012,2021-07-19,1019.92
676,INDUSINDBK,EQ,N,1019.0,980.0,1017.0,981.55,983.45,1015.85,3752725,3722300057.15,1119.5,483.25,94050,INE095A01012,2021-07-20,991.89
677,INDUSINDBK,EQ,N,1005.75,988.0,999.9,992.15,991.95,981.55,2181872,2174213791.85,1119.5,483.25,57894,INE095A01012,2021-07-22,996.49
678,INDUSINDBK,EQ,N,1000.0,977.0,996.0,989.3,985.5,992.15,3449852,3403893197.95,1119.5,483.25,82549,INE095A01012,2021-07-23,986.68
679,INDUSINDBK,EQ,N,996.65,978.3,989.3,981.3,980.0,989.3,2335433,2304309967.35,1119.5,483.25,58743,INE095A01012,2021-07-26,986.67
680,INDUSINDBK,EQ,N,994.0,963.05,989.0,975.8,971.5,981.3,3311920,3246033698.55,1119.5,483.25,91506,INE095A01012,2021-07-27,980.11
681,INDUSINDBK,EQ,N,1009.8,979.0,992.0,992.75,993.0,975.8,8820340,8753581622.55,1119.5,483.25,162822,INE095A01012,2021-07-28,992.43
682,INDUSINDBK,EQ,N,1003.45,987.0,997.95,992.05,991.9,992.75,3459503,3439146819.05,1119.5,483.25,58472,INE095A01012,2021-07-29,994.12
683,INDUSINDBK,EQ,N,1000.0,980.0,989.0,981.0,982.0,992.05,3115750,3076523838.45,1119.5,483.25,75331,INE095A01012,2021-07-30,987.41
684,INDUSINDBK,EQ,N,997.15,985.45,991.8,988.0,990.0,981.0,2149603,2132784829.6,1119.5,483.25,61610,INE095A01012,2021-08-02,992.18
685,INDUSINDBK,EQ,N,1025.0,986.65,987.0,1022.05,1022.45,988.0,4450926,4494028817.35,1119.5,483.25,109037,INE095A01012,2021-08-03,1009.68
632,INDUSINDBK,EQ,N,1048.0,1016.9,1029.0,1020.55,1019.0,1022.05,5055711,5218674079.6,1119.5,483.25,110828,INE095A01012,2021-08-04,1032.23
633,INDUSINDBK,EQ,N,1012.45,986.0,1011.45,997.7,996.75,1020.55,3955681,3942480621.0,1119.5,483.25,86896,INE095A01012,2021-08-05,996.66
634,INDUSINDBK,EQ,N,1034.0,998.2,1005.0,1029.5,1027.0,997.7,7609448,7800568706.45,1119.5,483.25,131275,INE095A01012,2021-08-06,1025.12
635,INDUSINDBK,EQ,N,1047.0,1028.05,1031.0,1042.8,1043.0,1029.5,4274598,4449863795.3,1119.5,485.0,81773,INE095A01012,2021-08-09,1041.0
636,INDUSINDBK,EQ,N,1055.0,1031.4,1037.0,1033.6,1032.0,1042.8,3469468,3624216992.75,1119.5,485.0,73574,INE095A01012,2021-08-10,1044.6
637,INDUSINDBK,EQ,N,1045.35,1020.0,1033.6,1041.2,1041.2,1033.6,2155833,2225628418.0,1119.5,485.0,50118,INE095A01012,2021-08-11,1032.38
638,INDUSINDBK,EQ,N,1047.15,1027.25,1046.45,1035.35,1036.45,1041.2,2453701,2540450689.45,1119.5,485.0,57535,INE095A01012,2021-08-12,1035.35
639,INDUSINDBK,EQ,N,1043.75,1021.6,1035.35,1024.15,1024.95,1035.35,2348979,2422651857.3,1119.5,485.0,57298,INE095A01012,2021-08-13,1031.36
640,INDUSINDBK,EQ,N,1029.9,1016.1,1024.95,1019.0,1018.8,1024.15,1132546,1156136428.2,1119.5,485.0,40586,INE095A01012,2021-08-16,1020.83
641,INDUSINDBK,EQ,N,1015.0,993.3,1013.5,1000.2,999.5,1019.0,3082005,3082034414.6,1119.5,485.0,78976,INE095A01012,2021-08-17,1000.01
642,INDUSINDBK,EQ,N,1005.8,987.0,1003.0,989.65,988.5,1000.2,2344486,2332844116.3,1119.5,485.0,50065,INE095A01012,2021-08-18,995.03
643,INDUSINDBK,EQ,N,990.95,970.65,985.0,979.45,979.25,989.65,3465186,3393073484.3,1119.5,485.0,91727,INE095A01012,2021-08-20,979.19
644,INDUSINDBK,EQ,N,998.9,964.1,988.1,988.6,986.0,979.45,2914978,2866267026.05,1119.5,485.0,71931,INE095A01012,2021-08-23,983.29
645,INDUSINDBK,EQ,N,1009.0,987.0,990.2,1005.05,1005.0,988.6,2510063,2513460990.05,1119.5,485.0,57862,INE095A01012,2021-08-24,1001.35
646,INDUSINDBK,EQ,N,1013.9,998.2,1009.9,1005.55,1004.1,1005.05,2105187,2117305380.95,1119.5,485.0,49228,INE095A01012,2021-08-25,1005.76
647,INDUSINDBK,EQ,N,1012.65,998.1,1000.0,1001.5,1001.05,1005.55,1971408,1984492116.45,1119.5,485.0,50094,INE095A01012,2021-08-26,1006.64
648,INDUSINDBK,EQ,N,1000.85,987.0,997.0,990.2,990.2,1001.5,2368969,2349217409.0,1119.5,485.0,70768,INE095A01012,2021-08-27,991.66
649,INDUSINDBK,EQ,N,1012.0,991.3,995.3,1005.1,1009.0,990.2,2868604,2879228129.5,1119.5,485.0,64532,INE095A01012,2021-08-30,1003.7
650,INDUSINDBK,EQ,N,1009.8,990.0,1009.0,992.4,992.95,1005.1,3138652,3126641323.9,1119.5,485.0,79838,INE095A01012,2021-08-31,996.17
651,INDUSINDBK,EQ,N,1025.0,993.0,994.0,998.75,998.1,992.4,3854558,3882369597.1,1119.5,485.0,102331,INE095A01012,2021-09-01,1007.22
652,INDUSINDBK,EQ,N,1012.5,995.2,1002.7,1010.1,1009.85,998.75,2136382,2150676338.95,1119.5,485.0,50746,INE095A01012,2021-09-02,1006.69
653,INDUSINDBK,EQ,N,1028.65,996.55,1010.0,1003.75,1005.1,1010.1,5363972,5434132025.85,1119.5,485.0,103943,INE095A01012,2021-09-03,1013.08
654,INDUSINDBK,EQ,N,1008.3,991.0,1006.0,991.95,991.8,1003.75,3349749,3339264612.35,1119.5,485.0,72442,INE095A01012,2021-09-06,996.87
655,INDUSINDBK,EQ,N,1012.0,984.15,992.05,1001.25,1001.85,991.95,5483796,5483664808.55,1119.5,485.0,91912,INE095A01012,2021-09-07,999.98
656,INDUSINDBK,EQ,N,1021.8,992.4,1013.2,999.6,1001.4,1001.25,6385224,6447941393.15,1119.5,485.0,113974,INE095A01012,2021-09-08,1009.82
657,INDUSINDBK,EQ,N,1006.9,993.5,1000.0,999.5,999.8,999.6,3193603,3193997913.85,1119.5,485.0,44859,INE095A01012,2021-09-09,1000.12
602,INDUSINDBK,EQ,N,1004.0,992.65,1004.0,996.3,996.75,999.5,2386618,2380713598.9,1119.5,485.0,52221,INE095A01012,2021-09-13,997.53
603,INDUSINDBK,EQ,N,1039.0,997.6,999.0,1036.6,1035.5,996.3,7838383,8015942618.05,1119.5,485.0,139376,INE095A01012,2021-09-14,1022.65
604,INDUSINDBK,EQ,N,1062.0,1027.5,1036.0,1053.95,1059.9,1036.6,6071710,6345127222.0,1119.5,485.0,135478,INE095A01012,2021-09-15,1045.03
605,INDUSINDBK,EQ,N,1186.5,1071.0,1071.0,1130.95,1131.0,1053.95,27230283,30995691299.2,1186.5,485.0,488683,INE095A01012,2021-09-16,1138.28
606,INDUSINDBK,EQ,N,1146.55,1112.35,1137.5,1130.0,1128.65,1130.95,5784278,6529609071.1,1186.5,485.0,121822,INE095A01012,2021-09-17,1128.85
607,INDUSINDBK,EQ,N,1132.4,1084.6,1115.0,1089.95,1089.0,1130.0,2954179,3281552676.5,1186.5,485.0,72840,INE095A01012,2021-09-20,1110.82
608,INDUSINDBK,EQ,N,1143.15,1085.0,1091.0,1137.55,1140.0,1089.95,6332732,7061678085.25,1186.5,485.0,144065,INE095A01012,2021-09-21,1115.11
609,INDUSINDBK,EQ,N,1157.85,1128.2,1145.0,1141.4,1142.5,1137.55,5587136,6394045257.5,1186.5,485.0,112854,INE095A01012,2021-09-22,1144.42
610,INDUSINDBK,EQ,N,1175.0,1147.0,1150.0,1169.15,1172.0,1141.4,4879235,5681681284.2,1186.5,485.0,95857,INE095A01012,2021-09-23,1164.46
611,INDUSINDBK,EQ,N,1189.35,1141.25,1172.2,1163.05,1160.55,1169.15,4615559,5382204595.3,1189.35,485.0,97117,INE095A01012,2021-09-24,1166.1
612,INDUSINDBK,EQ,N,1177.95,1144.9,1172.0,1150.7,1151.0,1163.05,3083520,3574655691.55,1189.35,516.15,56680,INE095A01012,2021-09-27,1159.28
613,INDUSINDBK,EQ,N,1160.0,1119.0,1160.0,1134.75,1132.9,1150.7,3684708,4190999708.3,1189.35,516.15,77920,INE095A01012,2021-09-28,1137.4
614,INDUSINDBK,EQ,N,1136.9,1114.1,1127.1,1123.2,1123.0,1134.75,5574048,6273184792.5,1189.35,516.15,83655,INE095A01012,2021-09-29,1125.43
615,INDUSINDBK,EQ,N,1134.9,1107.0,1125.0,1111.9,1111.5,1123.2,3180267,3560963453.05,1189.35,516.15,63419,INE095A01012,2021-09-30,1119.71
616,INDUSINDBK,EQ,N,1112.0,1091.3,1104.0,1104.05,1103.05,1111.9,1940798,2139417761.85,1189.35,516.15,42251,INE095A01012,2021-10-01,1102.34
617,INDUSINDBK,EQ,N,1125.0,1106.0,1107.5,1119.8,1119.0,1104.05,1817348,2030559819.5,1189.35,571.0,67246,INE095A01012,2021-10-04,1117.32
618,INDUSINDBK,EQ,N,1177.1,1108.65,1116.8,1168.6,1176.05,1119.8,5270013,6054863066.7,1189.35,571.0,133594,INE095A01012,2021-10-05,1148.93
619,INDUSINDBK,EQ,N,1179.15,1126.7,1178.45,1131.85,1128.95,1168.6,3329243,3839946118.35,1189.35,571.0,83227,INE095A01012,2021-10-06,1153.4
620,INDUSINDBK,EQ,N,1186.15,1140.05,1143.0,1166.7,1167.55,1131.85,4002618,4663251778.95,1189.35,571.0,102180,INE095A01012,2021-10-07,1165.05
621,INDUSINDBK,EQ,N,1180.0,1158.4,1179.4,1174.4,1172.75,1166.7,2344868,2745032414.05,1189.35,571.0,70574,INE095A01012,2021-10-08,1170.66
622,INDUSINDBK,EQ,N,1194.45,1170.0,1172.65,1173.25,1172.5,1174.4,2535840,2988222972.9,1194.45,571.0,53660,INE095A01012,2021-10-11,1178.4
623,INDUSINDBK,EQ,N,1196.0,1160.05,1165.0,1181.9,1179.05,1173.25,2354120,2774552202.3,1196.0,571.0,63271,INE095A01012,2021-10-12,1178.59
624,INDUSINDBK,EQ,N,1191.95,1175.25,1188.1,1184.5,1181.0,1181.9,1235622,1462770251.2,1196.0,571.0,37323,INE095A01012,2021-10-13,1183.83
625,INDUSINDBK,EQ,N,1215.0,1161.8,1190.0,1210.0,1208.05,1184.5,3315820,3944077583.65,1215.0,571.0,86935,INE095A01012,2021-10-14,1189.47
626,INDUSINDBK,EQ,N,1229.65,1196.05,1221.0,1219.6,1217.0,1210.0,4512591,5492483434.15,1229.65,571.0,139103,INE095A01012,2021-10-18,1217.15
627,INDUSINDBK,EQ,N,1240.0,1185.6,1222.0,1194.0,1193.0,1219.6,3879525,4718065916.35,1240.0,571.0,85213,INE095A01012,2021-10-19,1216.15
628,INDUSINDBK,EQ,N,1213.9,1172.45,1190.0,1201.7,1203.05,1194.0,2850772,3411766396.9,1240.0,571.0,82319,INE095A01012,2021-10-20,1196.79
629,INDUSINDBK,EQ,N,1210.95,1165.2,1205.0,1184.4,1191.95,1201.7,2408608,2852248397.2,1240.0,571.0,74926,INE095A01012,2021-10-21,1184.19
630,INDUSINDBK,EQ,N,1204.7,1176.8,1192.05,1196.4,1194.9,1184.4,2618946,3122030934.1,1240.0,571.0,121266,INE095A01012,2021-10-22,1192.09
576,INDUSINDBK,EQ,N,1211.0,1156.7,1205.95,1177.75,1176.5,1196.4,3612312,4255456485.0,1240.0,571.0,134087,INE095A01012,2021-10-25,1178.04
577,INDUSINDBK,EQ,N,1193.0,1137.7,1180.0,1154.9,1155.6,1177.75,3413917,3957607000.5,1240.0,571.0,121408,INE095A01012,2021-10-26,1159.26
578,INDUSINDBK,EQ,N,1163.85,1122.0,1156.0,1142.55,1136.0,1154.9,4329232,4935185280.95,1240.0,571.0,144701,INE095A01012,2021-10-27,1139.97
579,INDUSINDBK,EQ,N,1242.0,1169.25,1172.0,1176.0,1172.0,1142.55,17223159,20734598719.45,1242.0,571.0,386227,INE095A01012,2021-10-28,1203.88
580,INDUSINDBK,EQ,N,1182.0,1123.6,1166.95,1140.2,1142.3,1176.0,5112475,5882938293.8,1242.0,571.0,124171,INE095A01012,2021-10-29,1150.7
581,INDUSINDBK,EQ,N,1235.0,1146.05,1158.0,1229.1,1226.0,1140.2,10563295,12760087477.75,1242.0,590.0,223872,INE095A01012,2021-11-01,1207.96
582,INDUSINDBK,EQ,N,1240.1,1207.0,1220.0,1212.55,1212.0,1229.1,3730392,4547995132.7,1242.0,590.0,108632,INE095A01012,2021-11-02,1219.17
583,INDUSINDBK,EQ,N,1220.0,1174.25,1215.0,1177.95,1180.0,1212.55,2922214,3493682397.0,1242.0,590.0,87023,INE095A01012,2021-11-03,1195.56
584,INDUSINDBK,EQ,N,1195.0,1185.0,1195.0,1189.1,1189.0,1177.95,278458,331192156.75,1242.0,590.0,10834,INE095A01012,2021-11-04,1189.38
585,INDUSINDBK,EQ,N,1130.0,1041.6,1130.0,1061.15,1063.95,1189.1,29099645,31173799801.55,1242.0,735.05,580697,INE095A01012,2021-11-08,1071.28
586,INDUSINDBK,EQ,N,1084.9,1062.5,1081.0,1068.25,1069.0,1061.15,7752739,8308450540.3,1242.0,735.05,194263,INE095A01012,2021-11-09,1071.68
587,INDUSINDBK,EQ,N,1066.8,1027.8,1066.8,1032.2,1033.4,1068.25,6796906,7080937040.25,1242.0,735.05,170528,INE095A01012,2021-11-10,1041.79
588,INDUSINDBK,EQ,N,1038.0,1020.5,1032.2,1033.3,1032.2,1032.2,4527396,4661988468.15,1242.0,735.05,128191,INE095A01012,2021-11-11,1029.73
589,INDUSINDBK,EQ,N,1043.5,1028.55,1040.0,1037.05,1037.95,1033.3,3479296,3608381938.95,1242.0,735.05,125446,INE095A01012,2021-11-12,1037.1
590,INDUSINDBK,EQ,N,1051.0,1032.55,1042.0,1041.5,1041.0,1037.05,3105993,3235330979.3,1242.0,772.25,100543,INE095A01012,2021-11-15,1041.64
591,INDUSINDBK,EQ,N,1046.0,1018.25,1042.0,1020.9,1020.0,1041.5,2685826,2769614104.5,1242.0,772.25,100384,INE095A01012,2021-11-16,1031.2
592,INDUSINDBK,EQ,N,1042.0,1014.0,1017.9,1034.0,1034.05,1020.9,3042496,3142180659.2,1242.0,772.25,76146,INE095A01012,2021-11-17,1032.76
593,INDUSINDBK,EQ,N,1042.0,1002.3,1031.8,1008.45,1007.5,1034.0,3244457,3294680293.3,1242.0,772.25,111110,INE095A01012,2021-11-18,1015.48
594,INDUSINDBK,EQ,N,1025.9,988.55,1024.0,1006.9,1009.0,1008.45,6198324,6210387847.3,1242.0,789.0,169683,INE095A01012,2021-11-22,1001.95
595,INDUSINDBK,EQ,N,1010.0,974.0,995.0,981.35,981.0,1006.9,8136685,8023577278.35,1242.0,789.0,195114,INE095A01012,2021-11-23,986.1
596,INDUSINDBK,EQ,N,993.65,966.0,989.0,970.4,968.0,981.35,6646771,6538903584.9,1242.0,789.0,129495,INE095A01012,2021-11-24,983.77
597,INDUSINDBK,EQ,N,970.0,951.35,968.0,959.3,959.35,970.4,5711537,5488485243.8,1242.0,789.0,101693,INE095A01012,2021-11-25,960.95
598,INDUSINDBK,EQ,N,956.95,898.0,951.0,901.8,899.95,959.3,6746021,6227440295.25,1242.0,789.0,182483,INE095A01012,2021-11-26,923.13
599,INDUSINDBK,EQ,N,938.0,888.85,926.9,895.45,894.0,901.8,11905868,10808478012.95,1242.0,789.0,226646,INE095A01012,2021-11-29,907.83
600,INDUSINDBK,EQ,N,927.5,875.7,902.0,883.0,878.35,895.45,6964145,6288231864.9,1242.0,789.0,141548,INE095A01012,2021-11-30,902.94
601,INDUSINDBK,EQ,N,938.75,890.15,891.0,933.65,934.5,883.0,14626216,13518949956.0,1242.0,789.0,230994,INE095A01012,2021-12-01,924.3
547,INDUSINDBK,EQ,N,950.0,925.65,935.0,945.55,947.0,933.65,5703967,5355204623.35,1242.0,789.0,112965,INE095A01012,2021-12-02,938.86
548,INDUSINDBK,EQ,N,957.85,938.5,944.95,951.15,952.6,945.55,4928235,4684353315.2,1242.0,789.0,108354,INE095A01012,2021-12-03,950.51
549,INDUSINDBK,EQ,N,952.0,914.0,952.0,915.65,916.0,951.15,4617346,4285143226.25,1242.0,789.0,104559,INE095A01012,2021-12-06,928.05
550,INDUSINDBK,EQ,N,936.5,920.8,922.9,926.65,926.9,915.65,3434735,3190023888.5,1242.0,789.0,98773,INE095A01012,2021-12-07,928.75
551,INDUSINDBK,EQ,N,949.0,932.5,936.0,945.3,943.2,926.65,3774244,3545233653.75,1242.0,789.0,65800,INE095A01012,2021-12-08,939.32
552,INDUSINDBK,EQ,N,950.5,938.2,947.0,946.4,947.0,945.3,3111606,2938750439.85,1242.0,789.0,74727,INE095A01012,2021-12-09,944.45
553,INDUSINDBK,EQ,N,968.0,938.0,960.0,944.75,944.0,946.4,6605152,6277017647.7,1242.0,789.0,126049,INE095A01012,2021-12-10,950.32
554,INDUSINDBK,EQ,N,955.6,934.2,954.3,938.55,939.75,944.75,2681792,2538966246.35,1242.0,789.0,82936,INE095A01012,2021-12-13,946.74
555,INDUSINDBK,EQ,N,949.15,924.2,932.0,946.05,945.0,938.55,2725729,2553517188.15,1242.0,789.0,66116,INE095A01012,2021-12-14,936.82
556,INDUSINDBK,EQ,N,950.85,937.0,944.95,938.55,938.0,946.05,2266938,2139227787.0,1242.0,789.0,77442,INE095A01012,2021-12-15,943.66
557,INDUSINDBK,EQ,N,949.35,921.15,945.0,928.3,929.65,938.55,2457432,2293155809.25,1242.0,789.0,63040,INE095A01012,2021-12-16,933.15
558,INDUSINDBK,EQ,N,929.0,880.25,926.0,883.0,885.5,928.3,4786306,4281253684.1,1242.0,789.0,116684,INE095A01012,2021-12-17,894.48
559,INDUSINDBK,EQ,N,874.0,830.8,874.0,846.1,848.0,883.0,4700733,3987352689.95,1242.0,789.0,150185,INE095A01012,2021-12-20,848.24
560,INDUSINDBK,EQ,N,867.95,848.35,855.05,857.2,857.95,846.1,3568436,3065107875.35,1242.0,789.0,89892,INE095A01012,2021-12-21,858.95
561,INDUSINDBK,EQ,N,885.0,861.0,861.45,871.75,872.8,857.2,3619713,3162655271.25,1242.0,789.0,78715,INE095A01012,2021-12-22,873.73
562,INDUSINDBK,EQ,N,884.0,869.0,879.9,871.1,870.0,871.75,2642247,2315526495.05,1242.0,789.0,61561,INE095A01012,2021-12-23,876.35
563,INDUSINDBK,EQ,N,878.8,846.8,878.0,861.15,860.85,871.1,3462247,2965827181.45,1242.0,789.0,73152,INE095A01012,2021-12-24,856.62
564,INDUSINDBK,EQ,N,861.8,811.5,843.0,855.25,856.65,861.15,12325932,10295076736.8,1242.0,789.0,196252,INE095A01012,2021-12-27,835.24
565,INDUSINDBK,EQ,N,865.75,845.1,864.0,852.65,852.95,855.25,4660498,3974156763.35,1242.0,789.0,73904,INE095A01012,2021-12-28,852.73
566,INDUSINDBK,EQ,N,874.9,854.0,854.05,870.0,867.25,852.65,6067054,5267750698.6,1242.0,789.0,104148,INE095A01012,2021-12-29,868.26
567,INDUSINDBK,EQ,N,893.45,860.0,864.0,885.4,888.0,870.0,12354342,10900049000.4,1242.0,789.0,109896,INE095A01012,2021-12-30,882.28
568,INDUSINDBK,EQ,N,892.9,878.4,881.5,888.15,887.85,885.4,3606043,3195336357.8,1242.0,789.0,58146,INE095A01012,2021-12-31,886.11
569,INDUSINDBK,EQ,N,915.5,876.7,888.2,912.3,913.15,888.15,5594214,5012399285.65,1242.0,789.0,116999,INE095A01012,2022-01-03,896.0
570,INDUSINDBK,EQ,N,917.95,896.1,915.0,904.4,904.1,912.3,4102750,3721231640.6,1242.0,789.0,105235,INE095A01012,2022-01-04,907.01
571,INDUSINDBK,EQ,N,911.9,892.25,905.0,903.95,904.5,904.4,5448165,4918999611.1,1242.0,789.0,95567,INE095A01012,2022-01-05,902.87
572,INDUSINDBK,EQ,N,924.0,885.05,895.25,921.7,920.1,903.95,5209239,4725840380.6,1242.0,789.0,83867,INE095A01012,2022-01-06,907.2
573,INDUSINDBK,EQ,N,938.45,916.1,926.5,922.25,922.0,921.7,4207773,3900426141.2,1242.0,789.0,78661,INE095A01012,2022-01-07,926.96
517,INDUSINDBK,EQ,N,929.85,918.0,926.9,920.85,921.0,922.25,2569322,2369521631.55,1242.0,789.0,48161,INE095A01012,2022-01-10,922.24
518,INDUSINDBK,EQ,N,935.05,914.0,927.0,917.95,917.0,920.85,3383081,3116360999.4,1242.0,789.0,72202,INE095A01012,2022-01-11,921.16
519,INDUSINDBK,EQ,N,946.6,920.1,928.0,941.55,943.5,917.95,5506622,5157655666.1,1242.0,789.0,105507,INE095A01012,2022-01-12,936.63
520,INDUSINDBK,EQ,N,950.0,926.0,948.0,927.1,926.25,941.55,2109207,1966392806.0,1242.0,789.0,52999,INE095A01012,2022-01-13,932.29
521,INDUSINDBK,EQ,N,926.65,913.25,919.1,920.05,918.8,927.1,2557488,2351540842.45,1242.0,789.0,77167,INE095A01012,2022-01-14,919.47
522,INDUSINDBK,EQ,N,931.9,912.25,919.0,920.5,921.0,920.05,3048497,2812107862.15,1242.0,789.0,83663,INE095A01012,2022-01-17,922.46
523,INDUSINDBK,EQ,N,927.35,895.35,920.5,899.65,901.0,920.5,3088062,2824255422.55,1242.0,789.0,66807,INE095A01012,2022-01-18,914.57
524,INDUSINDBK,EQ,N,903.8,884.15,897.0,893.25,893.0,899.65,3628266,3241298759.65,1242.0,789.0,99890,INE095A01012,2022-01-19,893.35
525,INDUSINDBK,EQ,N,898.45,872.0,895.0,877.2,878.0,893.25,3565267,3142417182.1,1242.0,789.0,102789,INE095A01012,2022-01-20,881.4
526,INDUSINDBK,EQ,N,872.95,845.1,869.9,854.1,857.0,877.2,4042974,3474091161.35,1242.0,789.0,94838,INE095A01012,2022-01-21,859.29
527,INDUSINDBK,EQ,N,869.3,831.55,859.0,851.25,850.5,854.1,4657809,3974876913.85,1242.0,789.0,112346,INE095A01012,2022-01-24,853.38
528,INDUSINDBK,EQ,N,886.9,842.0,842.35,884.25,881.6,851.25,5165597,4493608222.35,1242.0,789.0,109341,INE095A01012,2022-01-25,869.91
529,INDUSINDBK,EQ,N,893.6,861.1,874.2,888.1,892.85,884.25,4323258,3805459469.5,1242.0,789.0,102951,INE095A01012,2022-01-27,880.23
530,INDUSINDBK,EQ,N,925.75,895.0,897.0,903.55,903.7,888.1,5520247,5033495328.45,1242.0,789.0,119433,INE095A01012,2022-01-28,911.82
531,INDUSINDBK,EQ,N,927.45,866.65,927.45,872.1,871.9,903.55,10148990,8936467430.8,1242.0,811.0,204399,INE095A01012,2022-01-31,880.53
532,INDUSINDBK,EQ,N,927.0,879.0,879.0,922.3,925.0,872.1,11628936,10513037001.05,1242.0,811.0,261584,INE095A01012,2022-02-01,904.04
533,INDUSINDBK,EQ,N,981.8,930.1,930.1,975.35,968.0,922.3,14380553,13850294144.75,1242.0,811.0,271920,INE095A01012,2022-02-02,963.13
534,INDUSINDBK,EQ,N,979.7,954.45,967.35,958.35,955.4,975.35,5623611,5431088406.9,1242.0,811.0,124021,INE095A01012,2022-02-03,965.77
535,INDUSINDBK,EQ,N,974.95,945.0,958.0,956.05,954.7,958.35,5000045,4800318114.4,1242.0,811.0,118273,INE095A01012,2022-02-04,960.05
536,INDUSINDBK,EQ,N,959.4,928.15,952.05,933.05,932.0,956.05,2587054,2437731127.85,1242.0,811.0,59993,INE095A01012,2022-02-07,942.28
537,INDUSINDBK,EQ,N,940.75,913.0,938.0,937.7,935.85,933.05,3160992,2937588787.95,1242.0,811.0,73309,INE095A01012,2022-02-08,929.32
538,INDUSINDBK,EQ,N,971.4,940.4,942.3,967.15,965.0,937.7,4101202,3946845486.1,1242.0,811.0,101867,INE095A01012,2022-02-09,962.36
539,INDUSINDBK,EQ,N,977.75,960.25,966.0,972.35,971.1,967.15,4037566,3922503850.2,1242.0,811.0,96922,INE095A01012,2022-02-10,971.5
540,INDUSINDBK,EQ,N,990.0,954.55,955.0,982.4,977.0,972.35,7171664,7013125863.7,1242.0,811.0,128139,INE095A01012,2022-02-11,977.89
541,INDUSINDBK,EQ,N,964.8,937.2,959.2,941.6,937.3,982.4,3652419,3468659525.4,1242.0,811.0,91029,INE095A01012,2022-02-14,949.69
542,INDUSINDBK,EQ,N,972.0,923.25,943.0,969.7,968.55,941.6,3985559,3768536786.55,1242.0,811.0,107152,INE095A01012,2022-02-15,945.55
543,INDUSINDBK,EQ,N,987.55,961.95,966.1,968.4,967.55,969.7,3683264,3591223472.65,1242.0,811.0,85242,INE095A01012,2022-02-16,975.01
544,INDUSINDBK,EQ,N,980.0,951.1,980.0,955.8,955.3,968.4,3152042,3031659586.05,1242.0,811.0,58783,INE095A01012,2022-02-17,961.81
545,INDUSINDBK,EQ,N,966.0,948.6,950.0,955.35,959.0,955.8,2417043,2316095277.05,1242.0,811.0,54890,INE095A01012,2022-02-18,958.24
490,INDUSINDBK,EQ,N,972.0,949.0,952.0,952.45,954.0,955.35,3535914,3393905702.6,1242.0,811.0,76965,INE095A01012,2022-02-21,959.84
491,INDUSINDBK,EQ,N,949.85,923.0,925.0,939.1,939.0,952.45,2866135,2683153913.7,1242.0,811.0,75175,INE095A01012,2022-02-22,936.16
492,INDUSINDBK,EQ,N,960.8,943.15,944.0,950.7,948.65,939.1,3507003,3340532697.7,1242.0,811.0,87687,INE095A01012,2022-02-23,952.53
493,INDUSINDBK,EQ,N,934.3,868.85,919.5,875.65,870.35,950.7,7305449,6541831937.5,1242.0,811.0,141833,INE095A01012,2022-02-24,895.47
494,INDUSINDBK,EQ,N,929.8,895.0,898.7,927.05,927.0,875.65,4821342,4444264425.8,1242.0,811.0,104909,INE095A01012,2022-02-25,921.79
495,INDUSINDBK,EQ,N,924.8,903.0,916.0,920.7,918.5,927.05,3299912,3023494024.45,1242.0,811.0,74903,INE095A01012,2022-02-28,916.23
496,INDUSINDBK,EQ,N,912.65,887.55,907.0,906.35,908.0,920.7,4507940,4056229520.4,1242.0,811.0,113466,INE095A01012,2022-03-02,899.8
497,INDUSINDBK,EQ,N,926.0,906.5,918.0,912.25,910.0,906.35,3731807,3414003012.15,1242.0,811.0,70456,INE095A01012,2022-03-03,914.84
498,INDUSINDBK,EQ,N,922.9,891.0,896.0,901.9,900.9,912.25,3623960,3277004273.7,1242.0,811.0,89123,INE095A01012,2022-03-04,904.26
499,INDUSINDBK,EQ,N,896.95,825.5,878.0,834.4,828.5,901.9,6323502,5356952355.95,1242.0,811.0,174057,INE095A01012,2022-03-07,847.15
500,INDUSINDBK,EQ,N,847.8,816.0,831.1,840.7,845.0,834.4,6163433,5118015830.75,1242.0,811.0,134466,INE095A01012,2022-03-08,830.38
501,INDUSINDBK,EQ,N,880.0,838.25,863.0,875.35,879.3,840.7,6967640,5975073698.3,1242.0,811.0,149339,INE095A01012,2022-03-09,857.55
502,INDUSINDBK,EQ,N,928.0,890.7,909.8,904.3,903.0,875.35,6312569,5750908398.1,1242.0,811.0,113187,INE095A01012,2022-03-10,911.03
503,INDUSINDBK,EQ,N,915.5,892.95,900.0,901.75,900.1,904.3,3451877,3120540217.0,1242.0,811.0,73515,INE095A01012,2022-03-11,904.01
504,INDUSINDBK,EQ,N,914.0,892.3,899.0,907.6,907.45,901.75,3718477,3356108174.2,1242.0,811.0,66446,INE095A01012,2022-03-14,902.55
505,INDUSINDBK,EQ,N,922.0,887.25,916.9,896.65,894.9,907.6,4390735,3982131259.35,1242.0,811.0,85039,INE095A01012,2022-03-15,906.94
506,INDUSINDBK,EQ,N,936.0,911.55,912.0,928.65,926.0,896.65,5705364,5286220581.9,1242.0,811.0,96516,INE095A01012,2022-03-16,926.54
507,INDUSINDBK,EQ,N,949.5,929.55,943.95,932.45,931.65,928.65,4492246,4228774191.45,1242.0,811.0,89208,INE095A01012,2022-03-17,941.35
508,INDUSINDBK,EQ,N,938.0,911.0,938.0,913.4,915.5,932.45,2363059,2171567995.15,1242.0,811.0,60864,INE095A01012,2022-03-21,918.96
509,INDUSINDBK,EQ,N,932.0,903.6,916.0,927.7,931.0,913.4,2764481,2533854381.1,1242.0,811.0,61449,INE095A01012,2022-03-22,916.58
510,INDUSINDBK,EQ,N,944.45,928.1,933.0,931.35,930.0,927.7,2433056,2273373281.1,1242.0,811.0,52516,INE095A01012,2022-03-23,934.37
511,INDUSINDBK,EQ,N,937.95,915.2,922.0,924.8,923.8,931.35,2923793,2713214664.55,1242.0,811.0,52151,INE095A01012,2022-03-24,927.98
512,INDUSINDBK,EQ,N,933.3,916.05,930.0,926.25,927.5,924.8,1984601,1836111264.25,1242.0,811.0,41556,INE095A01012,2022-03-25,925.18
513,INDUSINDBK,EQ,N,942.9,920.25,923.05,935.15,938.0,926.25,2654339,2475101127.8,1242.0,811.0,59540,INE095A01012,2022-03-28,932.47
514,INDUSINDBK,EQ,N,944.5,921.4,939.95,929.15,930.35,935.15,3351562,3116731299.95,1242.0,811.0,62329,INE095A01012,2022-03-29,929.93
515,INDUSINDBK,EQ,N,945.0,922.95,939.35,926.3,926.35,929.15,4849869,4519019971.2,1242.0,811.0,69348,INE095A01012,2022-03-30,931.78
464,INDUSINDBK,EQ,N,938.45,924.0,930.0,935.4,935.9,926.3,2311242,2155510665.95,1242.0,811.0,57921,INE095A01012,2022-03-31,932.62
465,INDUSINDBK,EQ,N,970.95,929.15,929.45,968.6,968.0,935.4,5222165,4995332795.55,1242.0,811.0,89422,INE095A01012,2022-04-01,956.56
466,INDUSINDBK,EQ,N,994.8,958.05,975.0,987.2,988.55,968.6,5033678,4911461411.7,1242.0,811.0,110142,INE095A01012,2022-04-04,975.72
467,INDUSINDBK,EQ,N,994.0,968.0,994.0,973.25,969.2,987.2,3827808,3758844039.8,1242.0,811.0,86371,INE095A01012,2022-04-05,981.98
468,INDUSINDBK,EQ,N,978.75,961.0,967.0,968.3,967.0,973.25,2406015,2332747346.65,1242.0,811.0,57457,INE095A01012,2022-04-06,969.55
469,INDUSINDBK,EQ,N,986.9,960.0,960.5,972.6,970.8,968.3,3182285,3099267084.5,1242.0,811.0,58311,INE095A01012,2022-04-07,973.91
470,INDUSINDBK,EQ,N,990.0,968.25,971.0,985.6,988.0,972.6,2659878,2605830843.45,1242.0,811.0,60166,INE095A01012,2022-04-08,979.68
471,INDUSINDBK,EQ,N,998.9,976.8,983.6,980.45,983.0,985.6,2413145,2384842949.25,1242.0,811.0,51503,INE095A01012,2022-04-11,988.27
472,INDUSINDBK,EQ,N,987.65,966.0,977.0,985.1,986.0,980.45,1963842,1918421113.7,1242.0,811.0,57070,INE095A01012,2022-04-12,976.87
473,INDUSINDBK,EQ,N,996.25,982.0,992.0,983.4,983.9,985.1,2060127,2040649231.65,1242.0,811.0,56089,INE095A01012,2022-04-13,990.55
474,INDUSINDBK,EQ,N,983.0,966.1,972.0,977.45,975.2,983.4,1575552,1534850522.5,1242.0,811.0,44475,INE095A01012,2022-04-18,974.17
475,INDUSINDBK,EQ,N,988.95,951.0,979.9,963.8,957.95,977.45,1747142,1711529158.1,1242.0,811.0,47892,INE095A01012,2022-04-19,979.62
476,INDUSINDBK,EQ,N,982.75,952.5,965.55,972.55,971.85,963.8,2421543,2344853834.05,1242.0,811.0,55443,INE095A01012,2022-04-20,968.33
477,INDUSINDBK,EQ,N,992.7,976.1,976.1,989.25,988.0,972.55,1957820,1933859721.65,1242.0,811.0,55017,INE095A01012,2022-04-21,987.76
478,INDUSINDBK,EQ,N,988.0,957.1,980.0,959.85,960.5,989.25,1942893,1885950366.1,1242.0,811.0,65280,INE095A01012,2022-04-22,970.69
479,INDUSINDBK,EQ,N,958.45,931.0,945.0,946.55,951.45,959.85,2096910,1982898878.9,1242.0,811.5,47746,INE095A01012,2022-04-25,945.63
480,INDUSINDBK,EQ,N,983.35,958.1,962.0,980.45,979.9,946.55,2673266,2610656783.1,1242.0,811.5,66123,INE095A01012,2022-04-26,976.58
481,INDUSINDBK,EQ,N,979.8,967.15,970.1,974.5,977.75,980.45,1476543,1438106192.4,1242.0,811.5,42086,INE095A01012,2022-04-27,973.97
482,INDUSINDBK,EQ,N,992.45,972.0,978.0,988.35,988.0,974.5,2003774,1968637865.55,1242.0,811.5,45452,INE095A01012,2022-04-28,982.47
483,INDUSINDBK,EQ,N,1009.5,975.2,990.0,978.55,977.5,988.35,3476442,3460200176.8,1242.0,811.5,84715,INE095A01012,2022-04-29,995.33
484,INDUSINDBK,EQ,N,1026.0,966.45,972.0,1018.1,1017.0,978.55,8962019,9061336111.65,1242.0,811.5,214249,INE095A01012,2022-05-02,1011.08
485,INDUSINDBK,EQ,N,1029.0,971.0,1025.5,978.3,984.7,1018.1,4565643,4609175786.85,1242.0,811.5,108776,INE095A01012,2022-05-04,1009.53
486,INDUSINDBK,EQ,N,995.0,932.0,995.0,936.8,938.0,978.3,4679266,4485823620.9,1242.0,811.5,95772,INE095A01012,2022-05-05,958.66
487,INDUSINDBK,EQ,N,934.3,902.5,919.0,915.4,918.6,936.8,3713381,3396028480.45,1242.0,811.5,99209,INE095A01012,2022-05-06,914.54
488,INDUSINDBK,EQ,N,912.8,881.0,912.8,889.7,891.15,915.4,3283626,2925365729.3,1242.0,811.5,82145,INE095A01012,2022-05-09,890.89
489,INDUSINDBK,EQ,N,920.0,888.0,888.0,910.75,910.9,889.7,3972560,3604520774.85,1242.0,811.5,102570,INE095A01012,2022-05-10,907.35
436,INDUSINDBK,EQ,N,928.0,891.3,910.9,923.35,925.9,910.75,4209334,3831088530.85,1242.0,811.5,94115,INE095A01012,2022-05-11,910.14
437,INDUSINDBK,EQ,N,916.5,856.0,916.0,869.9,871.0,923.35,4776857,4191855861.6,1242.0,811.5,113630,INE095A01012,2022-05-12,877.53
438,INDUSINDBK,EQ,N,894.15,868.75,886.0,872.35,871.85,869.9,2932319,2587634700.85,1242.0,811.5,75891,INE095A01012,2022-05-13,882.45
439,INDUSINDBK,EQ,N,898.8,865.55,876.7,885.9,885.95,872.35,1971123,1749805525.15,1242.0,811.5,51339,INE095A01012,2022-05-16,887.72
440,INDUSINDBK,EQ,N,905.0,888.1,890.0,903.85,904.95,885.9,2038983,1832285675.3,1242.0,811.5,59586,INE095A01012,2022-05-17,898.63
441,INDUSINDBK,EQ,N,917.95,899.05,907.0,903.15,904.0,903.85,2665522,2420074403.15,1242.0,811.5,69144,INE095A01012,2022-05-18,907.92
442,INDUSINDBK,EQ,N,890.85,860.1,888.0,866.25,867.75,903.15,2656251,2310955021.6,1242.0,811.5,78667,INE095A01012,2022-05-19,870.01
443,INDUSINDBK,EQ,N,900.0,881.2,888.0,896.5,899.85,866.25,2286465,2040888542.1,1242.0,811.5,55112,INE095A01012,2022-05-20,892.6
444,INDUSINDBK,EQ,N,922.0,898.95,900.0,902.4,902.0,896.5,2577890,2346266845.85,1242.0,811.5,66706,INE095A01012,2022-05-23,910.15
445,INDUSINDBK,EQ,N,917.0,895.3,905.4,897.95,896.9,902.4,2149695,1945823437.35,1242.0,811.5,56889,INE095A01012,2022-05-24,905.16
446,INDUSINDBK,EQ,N,923.5,889.55,907.8,893.35,892.5,897.95,3664893,3328374868.15,1242.0,811.5,77030,INE095A01012,2022-05-25,908.18
447,INDUSINDBK,EQ,N,906.8,877.45,902.6,897.6,902.0,893.35,3909078,3475789669.15,1242.0,811.5,85938,INE095A01012,2022-05-26,889.16
448,INDUSINDBK,EQ,N,927.0,905.2,908.35,925.4,926.0,897.6,2509528,2309885700.2,1242.0,811.5,64922,INE095A01012,2022-05-27,920.45
449,INDUSINDBK,EQ,N,946.45,932.1,936.0,936.2,935.0,925.4,2036338,1911732700.2,1242.0,811.5,55921,INE095A01012,2022-05-30,938.81
450,INDUSINDBK,EQ,N,939.95,926.0,926.0,930.85,929.0,936.2,1249259,1166877362.5,1242.0,811.5,33273,INE095A01012,2022-05-31,934.06
451,INDUSINDBK,EQ,N,938.35,918.7,930.85,928.35,931.5,930.85,1144864,1062338050.15,1242.0,811.5,33753,INE095A01012,2022-06-01,927.92
452,INDUSINDBK,EQ,N,945.0,921.0,921.0,942.95,942.0,928.35,1735855,1625795036.45,1242.0,811.5,49656,INE095A01012,2022-06-02,936.6
453,INDUSINDBK,EQ,N,953.8,922.0,950.0,924.3,924.95,942.95,1398174,1309887641.4,1242.0,811.5,40230,INE095A01012,2022-06-03,936.86
454,INDUSINDBK,EQ,N,933.95,918.5,920.0,928.75,930.0,924.3,1417254,1314335576.8,1242.0,811.5,49645,INE095A01012,2022-06-06,927.38
455,INDUSINDBK,EQ,N,929.95,916.5,924.25,923.7,923.55,928.75,929573,858493520.7,1242.0,811.5,26206,INE095A01012,2022-06-07,923.54
456,INDUSINDBK,EQ,N,938.0,906.55,929.0,913.7,913.4,923.7,1905868,1756393953.75,1242.0,811.5,46008,INE095A01012,2022-06-08,921.57
457,INDUSINDBK,EQ,N,923.5,906.35,908.0,920.3,921.1,913.7,1031195,943484454.7,1242.0,811.5,30071,INE095A01012,2022-06-09,914.94
458,INDUSINDBK,EQ,N,925.0,903.25,912.5,913.2,923.1,920.3,882217,804055396.0,1242.0,811.5,27562,INE095A01012,2022-06-10,911.4
459,INDUSINDBK,EQ,N,900.35,860.1,895.0,865.45,867.7,913.2,3353078,2919992038.9,1242.0,811.5,87272,INE095A01012,2022-06-13,870.84
460,INDUSINDBK,EQ,N,869.95,840.3,864.0,844.2,845.4,865.45,3770890,3221334662.45,1242.0,811.5,85724,INE095A01012,2022-06-14,854.26
461,INDUSINDBK,EQ,N,857.0,828.0,852.0,843.3,842.0,844.2,3911673,3290167518.55,1242.0,811.5,80238,INE095A01012,2022-06-15,841.12
462,INDUSINDBK,EQ,N,859.4,805.15,854.0,809.6,807.45,843.3,3141825,2603868615.95,1242.0,805.15,88236,INE095A01012,2022-06-16,828.78
463,INDUSINDBK,EQ,N,821.85,796.75,810.0,806.9,809.55,809.6,2624540,2119704989.85,1242.0,796.75,71125,INE095A01012,2022-06-17,807.65
405,INDUSINDBK,EQ,N,814.6,769.5,814.6,784.05,785.4,806.9,3103978,2443415180.6,1242.0,769.5,73323,INE095A01012,2022-06-20,787.19
406,INDUSINDBK,EQ,N,809.4,783.45,796.05,798.85,797.95,784.05,3425596,2732066518.0,1242.0,769.5,118928,INE095A01012,2022-06-21,797.54
407,INDUSINDBK,EQ,N,801.85,767.7,799.65,777.65,776.0,798.85,3066728,2385471848.45,1242.0,767.7,72707,INE095A01012,2022-06-22,777.86
408,INDUSINDBK,EQ,N,794.3,763.2,781.0,784.95,787.0,777.65,3888446,3038760472.35,1242.0,763.2,70273,INE095A01012,2022-06-23,781.48
409,INDUSINDBK,EQ,N,815.85,792.5,793.95,806.5,806.55,784.95,4706175,3792968406.95,1242.0,763.2,104172,INE095A01012,2022-06-24,805.96
410,INDUSINDBK,EQ,N,829.7,817.65,819.2,823.5,823.65,806.5,2569316,2115249029.05,1242.0,763.2,57229,INE095A01012,2022-06-27,823.27
411,INDUSINDBK,EQ,N,823.5,812.0,819.0,816.6,817.9,823.5,1280737,1047087752.3,1242.0,763.2,28984,INE095A01012,2022-06-28,817.57
412,INDUSINDBK,EQ,N,817.35,788.2,805.0,808.8,811.0,816.6,3774208,3019565489.4,1242.0,763.2,73289,INE095A01012,2022-06-29,800.05
413,INDUSINDBK,EQ,N,816.7,790.25,811.8,794.35,791.95,808.8,2686640,2152428097.6,1242.0,763.2,72744,INE095A01012,2022-06-30,801.16
414,INDUSINDBK,EQ,N,810.0,783.0,793.0,807.2,808.0,794.35,2796110,2241977189.4,1242.0,763.2,54252,INE095A01012,2022-07-01,801.82
415,INDUSINDBK,EQ,N,840.0,811.2,812.8,832.0,832.0,807.2,4711395,3919145226.3,1242.0,763.2,97296,INE095A01012,2022-07-04,831.84
416,INDUSINDBK,EQ,N,839.0,821.05,833.0,824.05,823.25,832.0,1836183,1525655398.6,1242.0,763.2,40925,INE095A01012,2022-07-05,830.88
417,INDUSINDBK,EQ,N,840.0,825.05,829.8,836.55,838.0,824.05,1660551,1382234204.55,1242.0,763.2,50095,INE095A01012,2022-07-06,832.39
418,INDUSINDBK,EQ,N,863.4,840.25,841.0,861.0,861.8,836.55,3868679,3305355122.6,1242.0,763.2,67288,INE095A01012,2022-07-07,854.39
419,INDUSINDBK,EQ,N,867.5,846.2,867.0,848.6,848.3,861.0,1342616,1145025534.35,1242.0,763.2,31371,INE095A01012,2022-07-08,852.83
420,INDUSINDBK,EQ,N,860.0,843.05,845.0,858.35,859.0,848.6,1503503,1286053058.8,1242.0,763.2,32699,INE095A01012,2022-07-11,855.37
421,INDUSINDBK,EQ,N,861.15,845.0,850.0,847.05,847.8,858.35,1221366,1042380218.85,1242.0,763.2,24752,INE095A01012,2022-07-12,853.45
422,INDUSINDBK,EQ,N,856.15,789.5,856.15,819.05,820.5,847.05,10850036,8873692326.3,1242.0,763.2,177981,INE095A01012,2022-07-13,817.85
423,INDUSINDBK,EQ,N,829.8,813.7,823.1,820.9,821.0,819.05,2463571,2021411889.15,1242.0,763.2,54210,INE095A01012,2022-07-14,820.52
424,INDUSINDBK,EQ,N,829.0,811.2,824.15,815.05,816.55,820.9,1365475,1117427015.9,1242.0,763.2,31681,INE095A01012,2022-07-15,818.34
425,INDUSINDBK,EQ,N,853.2,823.2,826.0,851.05,850.0,815.05,2536142,2133694731.6,1242.0,763.2,46903,INE095A01012,2022-07-18,841.32
426,INDUSINDBK,EQ,N,871.8,840.0,841.0,868.1,866.4,851.05,2608372,2234209178.25,1242.0,763.2,53870,INE095A01012,2022-07-19,856.55
427,INDUSINDBK,EQ,N,897.45,872.8,886.0,879.3,878.0,868.1,3995680,3531639871.5,1242.0,763.2,78034,INE095A01012,2022-07-20,883.86
428,INDUSINDBK,EQ,N,962.0,892.6,903.0,948.1,950.5,879.3,23581540,22061835404.5,1242.0,763.2,389158,INE095A01012,2022-07-21,935.56
429,INDUSINDBK,EQ,N,956.0,938.65,950.05,942.45,941.0,948.1,4842122,4574480974.6,1242.0,763.2,103485,INE095A01012,2022-07-22,944.73
430,INDUSINDBK,EQ,N,966.5,939.55,940.0,962.05,960.7,942.45,6043152,5764784169.25,1242.0,763.2,140624,INE095A01012,2022-07-25,953.94
431,INDUSINDBK,EQ,N,969.9,951.85,959.0,961.6,961.25,962.05,2983144,2857992581.45,1242.0,763.2,100416,INE095A01012,2022-07-26,958.05
432,INDUSINDBK,EQ,N,983.75,955.25,960.7,979.8,977.5,961.6,3405140,3319554899.7,1242.0,763.2,68742,INE095A01012,2022-07-27,974.87
433,INDUSINDBK,EQ,N,1020.0,989.1,994.45,1017.7,1016.2,979.8,7001490,7075188310.5,1242.0,763.2,146763,INE095A01012,2022-07-28,1010.53
434,INDUSINDBK,EQ,N,1049.95,1018.75,1022.2,1043.5,1040.0,1017.7,5862550,6067789647.55,1242.0,763.2,114275,INE095A01012,2022-07-29,1035.01
380,INDUSINDBK,EQ,N,1047.9,1024.55,1040.0,1040.15,1039.0,1043.5,4299697,4455929131.8,1242.0,763.2,103064,INE095A01012,2022-08-01,1036.34
381,INDUSINDBK,EQ,N,1071.9,1032.05,1033.0,1067.25,1062.05,1040.15,5074834,5382320137.65,1242.0,763.2,107822,INE095A01012,2022-08-02,1060.59
382,INDUSINDBK,EQ,N,1070.0,1051.55,1063.55,1058.3,1058.2,1067.25,2753893,2915421308.45,1242.0,763.2,85465,INE095A01012,2022-08-03,1058.65
383,INDUSINDBK,EQ,N,1072.85,1043.8,1061.1,1050.2,1049.0,1058.3,2142720,2261423109.65,1242.0,763.2,48409,INE095A01012,2022-08-04,1055.4
384,INDUSINDBK,EQ,N,1057.75,1033.55,1055.5,1036.3,1039.3,1050.2,2382020,2485056199.05,1242.0,763.2,59766,INE095A01012,2022-08-05,1043.26
385,INDUSINDBK,EQ,N,1057.7,1033.7,1036.3,1050.2,1052.0,1036.3,2057991,2160946592.55,1242.0,763.2,55356,INE095A01012,2022-08-08,1050.03
386,INDUSINDBK,EQ,N,1067.5,1043.05,1045.4,1063.1,1062.0,1050.2,2727232,2888388081.0,1242.0,763.2,70012,INE095A01012,2022-08-10,1059.09
387,INDUSINDBK,EQ,N,1086.0,1069.0,1070.65,1079.2,1079.0,1063.1,3998702,4317137806.9,1242.0,763.2,106406,INE095A01012,2022-08-11,1079.63
388,INDUSINDBK,EQ,N,1088.05,1075.55,1077.15,1080.45,1077.5,1079.2,2463516,2664842568.1,1242.0,763.2,81493,INE095A01012,2022-08-12,1081.72
389,INDUSINDBK,EQ,N,1096.9,1075.1,1085.0,1084.45,1082.35,1080.45,3083931,3353058742.9,1242.0,763.2,90668,INE095A01012,2022-08-16,1087.27
390,INDUSINDBK,EQ,N,1095.0,1082.0,1083.0,1088.6,1085.55,1084.45,1768441,1925400465.55,1242.0,763.2,48869,INE095A01012,2022-08-17,1088.76
391,INDUSINDBK,EQ,N,1107.45,1081.55,1082.5,1105.1,1104.9,1088.6,2407824,2639063630.95,1242.0,763.2,65857,INE095A01012,2022-08-18,1096.04
392,INDUSINDBK,EQ,N,1104.95,1060.0,1104.95,1063.3,1060.3,1105.1,3660413,3930639466.8,1242.0,763.2,82039,INE095A01012,2022-08-19,1073.82
393,INDUSINDBK,EQ,N,1067.3,1045.5,1055.0,1057.2,1056.6,1063.3,2662510,2807618985.95,1242.0,763.2,60583,INE095A01012,2022-08-22,1054.5
394,INDUSINDBK,EQ,N,1078.9,1034.1,1035.0,1071.05,1075.4,1057.2,3030759,3201460443.4,1242.0,763.2,77555,INE095A01012,2022-08-23,1056.32
395,INDUSINDBK,EQ,N,1105.0,1077.0,1077.0,1101.9,1102.0,1071.05,3685015,4022600262.75,1242.0,763.2,84926,INE095A01012,2022-08-24,1091.61
396,INDUSINDBK,EQ,N,1119.75,1082.7,1109.0,1089.95,1086.5,1101.9,3775014,4171493307.65,1242.0,763.2,105047,INE095A01012,2022-08-25,1105.03
397,INDUSINDBK,EQ,N,1101.7,1064.65,1098.0,1069.75,1072.0,1089.95,3662548,3945627610.85,1242.0,763.2,90977,INE095A01012,2022-08-26,1077.29
398,INDUSINDBK,EQ,N,1062.9,1041.0,1050.0,1059.2,1061.0,1069.75,1642550,1733231398.0,1242.0,763.2,44010,INE095A01012,2022-08-29,1055.21
399,INDUSINDBK,EQ,N,1109.8,1070.0,1071.8,1107.45,1105.05,1059.2,3200407,3509257028.75,1242.0,763.2,106710,INE095A01012,2022-08-30,1096.5
400,INDUSINDBK,EQ,N,1121.0,1095.0,1097.65,1111.4,1113.0,1107.45,3487969,3878929215.0,1242.0,763.2,141969,INE095A01012,2022-09-01,1112.09
401,INDUSINDBK,EQ,N,1119.5,1095.0,1116.95,1100.75,1100.95,1111.4,2428618,2675741234.5,1242.0,763.2,81798,INE095A01012,2022-09-02,1101.75
402,INDUSINDBK,EQ,N,1112.45,1096.55,1099.5,1108.0,1105.5,1100.75,2419887,2668380187.8,1242.0,763.2,60865,INE095A01012,2022-09-05,1102.69
403,INDUSINDBK,EQ,N,1118.75,1097.6,1115.0,1108.8,1108.0,1108.0,2516672,2780467429.35,1242.0,763.2,54387,INE095A01012,2022-09-06,1104.82
351,INDUSINDBK,EQ,N,1100.0,1086.0,1095.0,1089.95,1090.0,1108.8,3165749,3452609279.35,1242.0,763.2,91059,INE095A01012,2022-09-07,1090.61
352,INDUSINDBK,EQ,N,1115.0,1097.4,1103.0,1108.3,1109.5,1089.95,2995969,3318348363.4,1242.0,763.2,57907,INE095A01012,2022-09-08,1107.6
353,INDUSINDBK,EQ,N,1149.55,1116.55,1119.0,1137.15,1134.0,1108.3,4751837,5413489787.55,1242.0,763.2,97172,INE095A01012,2022-09-09,1139.24
354,INDUSINDBK,EQ,N,1145.0,1128.0,1144.3,1136.85,1138.7,1137.15,1918731,2179374446.5,1242.0,763.2,40039,INE095A01012,2022-09-12,1135.84
355,INDUSINDBK,EQ,N,1165.55,1136.8,1145.0,1163.8,1161.6,1136.85,3571187,4119275609.45,1242.0,763.2,73362,INE095A01012,2022-09-13,1153.48
356,INDUSINDBK,EQ,N,1225.0,1142.3,1148.6,1215.75,1213.0,1163.8,9043198,10860721960.55,1242.0,763.2,187487,INE095A01012,2022-09-14,1200.98
357,INDUSINDBK,EQ,N,1220.0,1185.05,1219.0,1195.85,1197.0,1215.75,4063705,4867701243.1,1242.0,763.2,117255,INE095A01012,2022-09-15,1197.85
358,INDUSINDBK,EQ,N,1251.05,1185.0,1195.85,1227.35,1226.0,1195.85,16270762,19996767970.85,1251.05,763.2,252696,INE095A01012,2022-09-16,1229.0
359,INDUSINDBK,EQ,N,1256.0,1218.0,1226.0,1225.75,1228.0,1227.35,6074889,7524079890.95,1256.0,763.2,171153,INE095A01012,2022-09-19,1238.55
360,INDUSINDBK,EQ,N,1275.8,1240.0,1241.25,1264.1,1259.75,1225.75,5704241,7223601774.45,1275.8,763.2,141863,INE095A01012,2022-09-20,1266.36
361,INDUSINDBK,EQ,N,1265.0,1221.8,1260.0,1224.25,1224.5,1264.1,6121456,7578295603.4,1275.8,763.2,177103,INE095A01012,2022-09-21,1237.99
362,INDUSINDBK,EQ,N,1238.5,1205.0,1219.0,1216.55,1215.0,1224.25,5463724,6665544907.55,1275.8,763.2,127760,INE095A01012,2022-09-22,1219.96
363,INDUSINDBK,EQ,N,1213.95,1176.05,1210.0,1183.35,1183.25,1216.55,4197496,4977889546.5,1275.8,763.2,103847,INE095A01012,2022-09-23,1185.92
364,INDUSINDBK,EQ,N,1180.0,1135.7,1170.0,1149.6,1149.15,1183.35,5082576,5880402948.25,1275.8,763.2,125587,INE095A01012,2022-09-26,1156.97
365,INDUSINDBK,EQ,N,1178.0,1140.6,1166.45,1165.1,1173.8,1149.6,4493527,5215603568.55,1275.8,763.2,90655,INE095A01012,2022-09-27,1160.69
366,INDUSINDBK,EQ,N,1160.0,1133.0,1155.2,1140.9,1137.7,1165.1,4898528,5624007031.0,1275.8,763.2,98173,INE095A01012,2022-09-28,1148.1
367,INDUSINDBK,EQ,N,1174.8,1137.3,1160.0,1142.25,1151.2,1140.9,4998273,5756582034.8,1275.8,763.2,127151,INE095A01012,2022-09-29,1151.71
368,INDUSINDBK,EQ,N,1192.3,1128.8,1141.0,1185.2,1188.0,1142.25,4392250,5111053060.7,1275.8,763.2,96126,INE095A01012,2022-09-30,1163.65
369,INDUSINDBK,EQ,N,1185.9,1153.05,1178.0,1156.25,1156.0,1185.2,3397982,3964857840.6,1275.8,763.2,91547,INE095A01012,2022-10-03,1166.83
370,INDUSINDBK,EQ,N,1222.0,1176.15,1184.9,1219.25,1217.0,1156.25,4446589,5388215351.05,1275.8,763.2,109071,INE095A01012,2022-10-04,1211.76
371,INDUSINDBK,EQ,N,1234.95,1197.3,1225.0,1200.9,1203.0,1219.25,2773277,3352495783.9,1275.8,763.2,78241,INE095A01012,2022-10-06,1208.86
372,INDUSINDBK,EQ,N,1217.85,1182.5,1201.0,1213.4,1212.1,1200.9,3338767,4010334699.8,1275.8,763.2,91356,INE095A01012,2022-10-07,1201.14
373,INDUSINDBK,EQ,N,1216.9,1183.25,1193.1,1210.3,1212.0,1213.4,2547644,3071175487.6,1275.8,763.2,63019,INE095A01012,2022-10-10,1205.5
374,INDUSINDBK,EQ,N,1215.95,1162.0,1215.0,1164.6,1164.8,1210.3,21664338,25416061361.7,1275.8,763.2,118301,INE095A01012,2022-10-11,1173.18
375,INDUSINDBK,EQ,N,1192.1,1156.1,1175.05,1189.05,1190.15,1164.6,3412460,4007037831.4,1275.8,763.2,92296,INE095A01012,2022-10-12,1174.24
376,INDUSINDBK,EQ,N,1196.75,1167.0,1189.05,1184.25,1183.0,1189.05,1982808,2342264170.05,1275.8,763.2,52415,INE095A01012,2022-10-13,1181.29
377,INDUSINDBK,EQ,N,1216.35,1179.2,1201.25,1181.6,1180.45,1184.25,2918993,3476545228.0,1275.8,763.2,77548,INE095A01012,2022-10-14,1191.01
323,INDUSINDBK,EQ,N,1203.8,1164.0,1178.0,1199.65,1198.75,1181.6,3419791,4066808585.25,1275.8,763.2,89310,INE095A01012,2022-10-17,1189.2
324,INDUSINDBK,EQ,N,1228.65,1203.1,1207.0,1223.25,1226.0,1199.65,3451130,4202956698.1,1275.8,763.2,75706,INE095A01012,2022-10-18,1217.85
325,INDUSINDBK,EQ,N,1231.7,1210.0,1227.9,1218.4,1218.05,1223.25,3896969,4757950706.1,1275.8,763.2,83738,INE095A01012,2022-10-19,1220.94
326,INDUSINDBK,EQ,N,1214.0,1150.1,1214.0,1159.95,1158.0,1218.4,11242103,13132110202.9,1275.8,763.2,258503,INE095A01012,2022-10-20,1168.12
327,INDUSINDBK,EQ,N,1169.0,1139.1,1166.0,1142.25,1141.95,1159.95,5309754,6115612634.4,1275.8,763.2,146323,INE095A01012,2022-10-21,1151.77
328,INDUSINDBK,EQ,N,1160.0,1143.0,1160.0,1145.85,1144.0,1142.25,674170,773928268.65,1275.8,763.2,16578,INE095A01012,2022-10-24,1147.97
329,INDUSINDBK,EQ,N,1153.05,1121.8,1145.85,1137.45,1135.0,1145.85,3514202,4001712727.7,1275.8,763.2,109852,INE095A01012,2022-10-25,1138.73
330,INDUSINDBK,EQ,N,1153.6,1135.2,1150.0,1142.5,1144.9,1137.45,2590606,2963452554.8,1275.8,763.2,75642,INE095A01012,2022-10-27,1143.92
331,INDUSINDBK,EQ,N,1161.0,1137.5,1145.0,1147.0,1146.5,1142.5,2778938,3196407048.75,1275.8,763.2,68870,INE095A01012,2022-10-28,1150.23
332,INDUSINDBK,EQ,N,1159.6,1138.95,1155.0,1142.65,1143.25,1147.0,2048520,2348001779.5,1275.8,763.2,78359,INE095A01012,2022-10-31,1146.19
333,INDUSINDBK,EQ,N,1159.9,1145.0,1146.5,1151.15,1150.5,1142.65,2664189,3068000791.15,1275.8,763.2,70660,INE095A01012,2022-11-01,1151.57
334,INDUSINDBK,EQ,N,1157.7,1135.0,1146.0,1138.2,1135.5,1151.15,1947283,2228059265.05,1275.8,763.2,47543,INE095A01012,2022-11-02,1144.19
335,INDUSINDBK,EQ,N,1150.95,1125.25,1133.45,1148.0,1149.0,1138.2,1742221,1992919521.35,1275.8,763.2,58630,INE095A01012,2022-11-03,1143.9
336,INDUSINDBK,EQ,N,1158.0,1142.1,1153.75,1152.7,1153.1,1148.0,1571565,1807326033.8,1275.8,763.2,45081,INE095A01012,2022-11-04,1150.02
337,INDUSINDBK,EQ,N,1158.0,1139.25,1158.0,1144.15,1147.15,1152.7,2601148,2982967934.4,1275.8,763.2,96659,INE095A01012,2022-11-07,1146.79
338,INDUSINDBK,EQ,N,1172.9,1144.0,1156.0,1149.0,1149.0,1144.15,3456108,4007985917.95,1275.8,763.2,87096,INE095A01012,2022-11-09,1159.68
339,INDUSINDBK,EQ,N,1157.8,1118.0,1143.0,1127.35,1127.05,1149.0,2072769,2347803077.8,1275.8,763.2,66711,INE095A01012,2022-11-10,1132.69
340,INDUSINDBK,EQ,N,1161.45,1130.6,1140.0,1140.0,1138.0,1127.35,2198448,2511796091.4,1275.8,763.2,89758,INE095A01012,2022-11-11,1142.53
341,INDUSINDBK,EQ,N,1160.0,1134.15,1145.7,1152.95,1152.5,1140.0,2007506,2306288788.15,1275.8,763.2,54747,INE095A01012,2022-11-14,1148.83
342,INDUSINDBK,EQ,N,1167.75,1147.15,1157.85,1152.85,1155.0,1152.95,1802234,2083100882.9,1275.8,763.2,65962,INE095A01012,2022-11-15,1155.84
343,INDUSINDBK,EQ,N,1158.0,1136.0,1151.0,1144.1,1143.0,1152.85,2331206,2667859477.15,1275.8,763.2,61444,INE095A01012,2022-11-16,1144.41
344,INDUSINDBK,EQ,N,1152.75,1137.55,1141.45,1146.5,1144.0,1144.1,1721557,1969071170.15,1275.8,763.2,52035,INE095A01012,2022-11-17,1143.77
345,INDUSINDBK,EQ,N,1151.35,1122.0,1151.35,1128.65,1128.55,1146.5,2082130,2359224963.65,1275.8,763.2,63934,INE095A01012,2022-11-18,1133.08
346,INDUSINDBK,EQ,N,1142.05,1117.0,1119.55,1139.0,1141.25,1128.65,2602264,2933169731.25,1275.8,763.2,80637,INE095A01012,2022-11-21,1127.16
347,INDUSINDBK,EQ,N,1173.25,1138.5,1143.0,1169.4,1172.45,1139.0,3927395,4560395378.75,1275.8,763.2,89878,INE095A01012,2022-11-22,1161.18
348,INDUSINDBK,EQ,N,1183.0,1161.0,1176.0,1174.35,1169.0,1169.4,3265438,3825622056.0,1275.8,763.2,72405,INE095A01012,2022-11-23,1171.55
349,INDUSINDBK,EQ,N,1186.95,1167.6,1180.0,1175.55,1175.25,1174.35,3496170,4113194237.45,1275.8,763.2,61576,INE095A01012,2022-11-24,1176.49
350,INDUSINDBK,EQ,N,1193.8,1176.05,1180.0,1187.1,1184.8,1175.55,4715695,5597936920.15,1275.8,763.2,84547,INE095A01012,2022-11-25,1187.09
294,INDUSINDBK,EQ,N,1205.45,1178.7,1180.0,1197.85,1195.1,1187.1,2846018,3397652555.75,1275.8,763.2,69103,INE095A01012,2022-11-28,1193.83
295,INDUSINDBK,EQ,N,1199.85,1178.45,1192.0,1180.6,1180.0,1197.85,1875146,2224460493.0,1275.8,763.2,51858,INE095A01012,2022-11-29,1186.29
296,INDUSINDBK,EQ,N,1183.7,1163.0,1180.0,1167.8,1168.0,1180.6,2421938,2837951598.2,1275.8,763.2,100821,INE095A01012,2022-11-30,1171.77
297,INDUSINDBK,EQ,N,1180.95,1162.1,1175.0,1173.9,1172.0,1167.8,2693170,3158265029.3,1275.8,763.2,84783,INE095A01012,2022-12-01,1172.69
298,INDUSINDBK,EQ,N,1185.75,1167.05,1169.65,1178.7,1179.8,1173.9,2299901,2704927877.75,1275.8,763.2,63071,INE095A01012,2022-12-02,1176.11
299,INDUSINDBK,EQ,N,1198.0,1179.85,1182.0,1195.5,1194.25,1178.7,3842074,4579853001.7,1275.8,763.2,78181,INE095A01012,2022-12-05,1192.03
300,INDUSINDBK,EQ,N,1208.0,1179.0,1198.95,1184.1,1179.0,1195.5,3130375,3733394564.3,1275.8,763.2,78933,INE095A01012,2022-12-06,1192.63
301,INDUSINDBK,EQ,N,1189.0,1161.45,1184.0,1164.65,1165.0,1184.1,2752097,3226607154.3,1275.8,763.2,85307,INE095A01012,2022-12-07,1172.42
302,INDUSINDBK,EQ,N,1194.3,1163.05,1165.0,1190.85,1193.0,1164.65,3666432,4338566953.3,1275.8,763.2,74235,INE095A01012,2022-12-08,1183.32
303,INDUSINDBK,EQ,N,1216.0,1189.25,1195.5,1202.5,1199.0,1190.85,6171282,7441462524.2,1275.8,763.2,132594,INE095A01012,2022-12-09,1205.82
304,INDUSINDBK,EQ,N,1219.9,1195.25,1201.3,1206.75,1209.0,1202.5,2790292,3376526270.2,1275.8,763.2,82003,INE095A01012,2022-12-12,1210.1
305,INDUSINDBK,EQ,N,1240.95,1209.5,1212.8,1234.95,1232.5,1206.75,4161518,5100534693.05,1275.8,763.2,126405,INE095A01012,2022-12-13,1225.64
306,INDUSINDBK,EQ,N,1257.0,1233.0,1241.75,1253.15,1251.25,1234.95,3913725,4885098473.95,1275.8,763.2,88904,INE095A01012,2022-12-14,1248.2
307,INDUSINDBK,EQ,N,1273.55,1235.0,1252.75,1239.6,1236.9,1253.15,3097282,3892215353.05,1275.8,763.2,80886,INE095A01012,2022-12-15,1256.66
308,INDUSINDBK,EQ,N,1248.8,1208.2,1235.0,1229.55,1228.0,1239.6,1944616,2398326354.05,1275.8,763.2,62110,INE095A01012,2022-12-16,1233.32
309,INDUSINDBK,EQ,N,1241.7,1212.1,1233.95,1223.55,1223.0,1229.55,1382378,1692500095.5,1275.8,763.2,47338,INE095A01012,2022-12-19,1224.34
310,INDUSINDBK,EQ,N,1234.35,1209.95,1215.0,1228.65,1231.05,1223.55,1245359,1519459074.35,1275.8,763.2,57348,INE095A01012,2022-12-20,1220.1
311,INDUSINDBK,EQ,N,1238.15,1190.95,1236.0,1201.8,1201.15,1228.65,1495106,1818253879.85,1275.8,763.2,46056,INE095A01012,2022-12-21,1216.14
312,INDUSINDBK,EQ,N,1208.8,1170.2,1207.85,1180.15,1176.0,1201.8,2126536,2519136861.05,1275.8,763.2,63519,INE095A01012,2022-12-22,1184.62
313,INDUSINDBK,EQ,N,1179.7,1143.0,1160.05,1147.85,1147.0,1180.15,2621761,3049069985.15,1275.8,763.2,82595,INE095A01012,2022-12-23,1162.99
314,INDUSINDBK,EQ,N,1208.0,1141.0,1150.0,1195.7,1194.0,1147.85,2100374,2491983152.75,1275.8,763.2,79307,INE095A01012,2022-12-26,1186.45
315,INDUSINDBK,EQ,N,1209.95,1185.0,1201.65,1202.35,1202.0,1195.7,1462244,1750301552.3,1275.8,763.2,51452,INE095A01012,2022-12-27,1197.0
316,INDUSINDBK,EQ,N,1227.0,1194.0,1198.0,1214.15,1210.4,1202.35,2834356,3441999384.55,1275.8,763.2,73583,INE095A01012,2022-12-28,1214.38
317,INDUSINDBK,EQ,N,1234.9,1201.8,1206.0,1231.15,1225.6,1214.15,3134405,3836743925.2,1275.8,763.2,72122,INE095A01012,2022-12-29,1224.07
318,INDUSINDBK,EQ,N,1238.0,1211.5,1238.0,1220.1,1219.15,1231.15,1767556,2160105130.85,1275.8,763.2,49316,INE095A01012,2022-12-30,1222.09
319,INDUSINDBK,EQ,N,1231.1,1211.75,1220.1,1226.35,1226.45,1220.1,2587946,3159205914.2,1275.8,763.2,69561,INE095A01012,2023-01-02,1220.74
320,INDUSINDBK,EQ,N,1249.85,1222.3,1226.55,1240.95,1240.6,1226.35,2195814,2720552643.35,1275.8,763.2,64075,INE095A01012,2023-01-03,1238.97
321,INDUSINDBK,EQ,N,1273.4,1206.1,1258.0,1223.1,1220.95,1240.95,8001367,9862756629.6,1275.8,763.2,163475,INE095A01012,2023-01-04,1232.63
322,INDUSINDBK,EQ,N,1232.5,1203.8,1229.25,1215.85,1215.0,1223.1,2364186,2876297360.9,1275.8,763.2,100477,INE095A01012,2023-01-05,1216.61
267,INDUSINDBK,EQ,N,1217.7,1176.1,1214.0,1181.9,1182.0,1215.85,3029739,3614210952.1,1275.8,763.2,112061,INE095A01012,2023-01-06,1192.91
268,INDUSINDBK,EQ,N,1223.6,1188.05,1190.15,1218.65,1218.0,1181.9,2836421,3441087180.8,1275.8,763.2,89477,INE095A01012,2023-01-09,1213.18
269,INDUSINDBK,EQ,N,1231.15,1205.0,1215.0,1227.55,1231.0,1218.65,2442613,2977835781.6,1275.8,763.2,72993,INE095A01012,2023-01-10,1219.12
270,INDUSINDBK,EQ,N,1238.2,1207.4,1232.4,1213.25,1213.9,1227.55,2675249,3264457196.85,1275.8,763.2,97127,INE095A01012,2023-01-11,1220.24
271,INDUSINDBK,EQ,N,1224.75,1197.3,1214.0,1209.15,1207.1,1213.25,1862790,2256860053.3,1275.8,763.2,60638,INE095A01012,2023-01-12,1211.55
272,INDUSINDBK,EQ,N,1237.3,1210.1,1213.0,1234.4,1233.2,1209.15,2184432,2677012819.5,1275.8,763.2,64636,INE095A01012,2023-01-13,1225.5
273,INDUSINDBK,EQ,N,1250.0,1232.6,1240.0,1239.25,1237.45,1234.4,2398823,2976667190.3,1275.8,763.2,89360,INE095A01012,2023-01-16,1240.89
274,INDUSINDBK,EQ,N,1240.0,1212.7,1240.0,1230.35,1231.5,1239.25,1803413,2211052615.55,1275.8,763.2,59521,INE095A01012,2023-01-17,1226.04
275,INDUSINDBK,EQ,N,1238.0,1218.0,1232.0,1223.0,1221.7,1230.35,1865108,2291603884.4,1275.8,763.2,66286,INE095A01012,2023-01-18,1228.67
276,INDUSINDBK,EQ,N,1245.0,1183.25,1215.0,1200.55,1201.0,1223.0,9691261,11723710723.45,1275.8,763.2,226021,INE095A01012,2023-01-19,1209.72
277,INDUSINDBK,EQ,N,1228.0,1198.5,1208.6,1202.45,1199.9,1200.55,4144033,5027356885.85,1275.8,763.2,95056,INE095A01012,2023-01-20,1213.16
278,INDUSINDBK,EQ,N,1220.15,1200.5,1212.7,1204.7,1202.0,1202.45,1848813,2234744396.9,1275.8,763.2,70963,INE095A01012,2023-01-23,1208.75
279,INDUSINDBK,EQ,N,1219.8,1198.35,1206.3,1212.3,1213.0,1204.7,2472106,2990987342.85,1275.8,763.2,97631,INE095A01012,2023-01-24,1209.89
280,INDUSINDBK,EQ,N,1211.0,1151.35,1210.0,1156.15,1161.0,1212.3,3420414,4024650795.2,1275.8,763.2,132402,INE095A01012,2023-01-25,1176.66
281,INDUSINDBK,EQ,N,1168.65,1106.0,1163.05,1116.4,1110.8,1156.15,4781085,5395498783.15,1275.8,763.2,138350,INE095A01012,2023-01-27,1128.51
282,INDUSINDBK,EQ,N,1124.8,1055.0,1110.0,1089.05,1094.55,1116.4,7991091,8689537759.4,1275.8,763.2,215141,INE095A01012,2023-01-30,1087.4
283,INDUSINDBK,EQ,N,1098.85,1068.35,1097.05,1082.95,1083.45,1089.05,6080048,6587515008.35,1275.8,763.2,181208,INE095A01012,2023-01-31,1083.46
284,INDUSINDBK,EQ,N,1119.0,990.0,1094.0,1041.85,1040.4,1082.95,7563064,8113817040.85,1275.8,763.2,183550,INE095A01012,2023-02-01,1072.82
285,INDUSINDBK,EQ,N,1081.0,1028.4,1034.9,1075.9,1080.0,1041.85,4494575,4763824103.35,1275.8,763.2,139275,INE095A01012,2023-02-02,1059.91
286,INDUSINDBK,EQ,N,1131.0,1079.0,1110.0,1103.55,1106.05,1075.9,9207051,10163057258.6,1275.8,763.2,254325,INE095A01012,2023-02-03,1103.83
287,INDUSINDBK,EQ,N,1135.0,1100.45,1109.0,1129.15,1131.0,1103.55,2865938,3227666187.7,1275.8,763.2,83649,INE095A01012,2023-02-06,1126.22
288,INDUSINDBK,EQ,N,1148.15,1122.5,1134.0,1142.9,1141.0,1129.15,3603258,4102296927.0,1275.8,763.2,99788,INE095A01012,2023-02-07,1138.5
289,INDUSINDBK,EQ,N,1151.25,1136.0,1144.0,1145.35,1148.05,1142.9,1675932,1918473666.1,1275.8,763.2,50875,INE095A01012,2023-02-08,1144.72
290,INDUSINDBK,EQ,N,1168.2,1138.3,1150.15,1163.8,1166.1,1145.35,2284751,2636845065.3,1275.8,763.2,83027,INE095A01012,2023-02-09,1154.11
291,INDUSINDBK,EQ,N,1167.0,1147.1,1160.0,1161.2,1166.0,1163.8,2126093,2466220161.7,1275.8,763.2,92815,INE095A01012,2023-02-10,1159.98
292,INDUSINDBK,EQ,N,1170.0,1148.6,1165.0,1157.35,1155.1,1161.2,2112106,2447148251.4,1275.8,763.2,88803,INE095A01012,2023-02-13,1158.63
293,INDUSINDBK,EQ,N,1162.0,1137.0,1160.7,1156.85,1158.0,1157.35,2433798,2805792213.9,1275.8,763.2,93210,INE095A01012,2023-02-14,1152.85
239,INDUSINDBK,EQ,N,1160.45,1145.0,1155.0,1149.6,1149.25,1156.85,2050158,2356839717.2,1275.8,763.2,71668,INE095A01012,2023-02-15,1149.59
240,INDUSINDBK,EQ,N,1156.1,1143.7,1155.35,1148.35,1145.85,1149.6,1918858,2206652222.0,1275.8,763.2,76723,INE095A01012,2023-02-16,1149.98
241,INDUSINDBK,EQ,N,1143.9,1109.0,1142.0,1114.7,1112.0,1148.35,3146155,3530989121.65,1275.8,763.2,91473,INE095A01012,2023-02-17,1122.32
242,INDUSINDBK,EQ,N,1122.8,1103.8,1117.25,1109.3,1110.0,1114.7,1613608,1796829536.45,1275.8,763.2,74525,INE095A01012,2023-02-20,1113.55
243,INDUSINDBK,EQ,N,1112.15,1096.0,1110.0,1101.75,1101.0,1109.3,1767689,1948598225.9,1275.8,763.2,107317,INE095A01012,2023-02-21,1102.34
244,INDUSINDBK,EQ,N,1096.95,1079.2,1096.75,1092.75,1089.7,1101.75,1983022,2159690632.8,1275.8,763.2,69391,INE095A01012,2023-02-22,1089.09
245,INDUSINDBK,EQ,N,1097.55,1066.65,1092.7,1075.6,1077.0,1092.75,3193602,3445538600.7,1275.8,763.2,94160,INE095A01012,2023-02-23,1078.89
246,INDUSINDBK,EQ,N,1089.65,1069.6,1080.05,1079.15,1078.0,1075.6,1862986,2008690697.55,1275.8,763.2,74177,INE095A01012,2023-02-24,1078.21
247,INDUSINDBK,EQ,N,1089.85,1067.05,1079.95,1081.95,1082.75,1079.15,2047252,2211000266.75,1275.8,763.2,76926,INE095A01012,2023-02-27,1079.98
248,INDUSINDBK,EQ,N,1089.9,1068.05,1082.5,1077.7,1077.05,1081.95,1360243,1464585236.85,1275.8,763.2,47557,INE095A01012,2023-02-28,1076.71
249,INDUSINDBK,EQ,N,1106.55,1070.1,1077.05,1100.45,1104.05,1077.7,4006038,4355282605.25,1275.8,763.2,99753,INE095A01012,2023-03-01,1087.18
250,INDUSINDBK,EQ,N,1110.5,1093.4,1099.95,1102.05,1099.95,1100.45,3831094,4218838376.35,1275.8,763.2,67439,INE095A01012,2023-03-02,1101.21
251,INDUSINDBK,EQ,N,1133.2,1104.75,1109.0,1126.4,1127.0,1102.05,3365349,3773085814.3,1275.8,763.2,75507,INE095A01012,2023-03-03,1121.16
252,INDUSINDBK,EQ,N,1140.0,1116.65,1132.0,1120.6,1123.8,1126.4,3623590,4091864744.05,1275.8,763.2,55089,INE095A01012,2023-03-06,1129.23
253,INDUSINDBK,EQ,N,1179.0,1105.55,1109.65,1174.25,1174.5,1120.6,7227479,8329563716.1,1275.8,763.2,160140,INE095A01012,2023-03-08,1152.49
254,INDUSINDBK,EQ,N,1182.65,1162.3,1174.25,1169.8,1166.55,1174.25,3086720,3612949948.0,1275.8,763.2,93562,INE095A01012,2023-03-09,1170.48
255,INDUSINDBK,EQ,N,1162.25,1138.0,1155.1,1144.8,1146.0,1169.8,3255900,3746175660.4,1275.8,763.2,121732,INE095A01012,2023-03-10,1150.58
256,INDUSINDBK,EQ,N,1119.5,1055.0,1119.0,1060.1,1060.85,1144.8,12242080,13183043956.6,1275.8,763.2,253863,INE095A01012,2023-03-13,1076.86
257,INDUSINDBK,EQ,N,1082.4,1052.2,1060.1,1064.0,1063.0,1060.1,5410127,5765466162.0,1275.8,763.2,144902,INE095A01012,2023-03-14,1065.68
258,INDUSINDBK,EQ,N,1086.55,1040.0,1079.8,1044.35,1043.8,1064.0,4117107,4369543128.9,1275.8,763.2,135619,INE095A01012,2023-03-15,1061.31
259,INDUSINDBK,EQ,N,1041.95,1001.9,1040.0,1017.8,1020.65,1044.35,9261210,9416726522.7,1275.8,763.2,197770,INE095A01012,2023-03-16,1016.79
260,INDUSINDBK,EQ,N,1038.6,1006.25,1038.0,1020.5,1019.85,1017.8,5324960,5410477777.2,1275.8,763.2,163797,INE095A01012,2023-03-17,1016.06
261,INDUSINDBK,EQ,N,1020.0,990.2,1020.0,1002.3,1000.2,1020.5,5439347,5446797905.75,1275.8,763.2,154966,INE095A01012,2023-03-20,1001.37
262,INDUSINDBK,EQ,N,1029.95,996.0,1007.35,1022.85,1019.5,1002.3,6200518,6275822056.15,1275.8,763.2,119827,INE095A01012,2023-03-21,1012.14
263,INDUSINDBK,EQ,N,1044.0,1024.15,1028.0,1031.15,1031.9,1022.85,2992139,3095060508.6,1275.8,763.2,86599,INE095A01012,2023-03-22,1034.4
264,INDUSINDBK,EQ,N,1046.2,1014.25,1028.15,1018.25,1018.0,1031.15,3703523,3829502929.55,1275.8,763.2,94198,INE095A01012,2023-03-23,1034.02
265,INDUSINDBK,EQ,N,1024.95,1004.65,1019.0,1009.55,1009.5,1018.25,2709449,2750945553.75,1275.8,763.2,92082,INE095A01012,2023-03-24,1015.32
213,INDUSINDBK,EQ,N,1020.95,1004.0,1014.0,1012.85,1012.3,1009.55,2116764,2143148847.55,1275.8,763.2,78342,INE095A01012,2023-03-27,1012.46
214,INDUSINDBK,EQ,N,1038.4,1007.2,1017.7,1036.15,1033.0,1012.85,4396283,4521639177.55,1275.8,763.2,132396,INE095A01012,2023-03-28,1028.51
215,INDUSINDBK,EQ,N,1063.95,1025.0,1031.0,1057.1,1057.0,1036.15,5803091,6075112760.9,1275.8,763.2,123485,INE095A01012,2023-03-29,1046.88
216,INDUSINDBK,EQ,N,1076.0,1060.4,1063.0,1067.95,1069.0,1057.1,3097113,3311958612.05,1275.8,763.2,101118,INE095A01012,2023-03-31,1069.37
217,INDUSINDBK,EQ,N,1081.15,1064.0,1073.0,1078.75,1079.65,1067.95,1534155,1646981516.9,1275.8,763.2,46351,INE095A01012,2023-04-03,1073.54
218,INDUSINDBK,EQ,N,1089.2,1060.1,1089.0,1067.2,1066.0,1078.75,2979782,3181170483.15,1275.8,763.2,64932,INE095A01012,2023-04-05,1067.58
219,INDUSINDBK,EQ,N,1093.45,1064.25,1067.2,1082.0,1084.0,1067.2,3458673,3743179165.25,1275.8,763.2,84282,INE095A01012,2023-04-06,1082.26
220,INDUSINDBK,EQ,N,1083.0,1063.0,1082.0,1069.3,1070.0,1082.0,1602094,1716648336.15,1275.8,763.2,42228,INE095A01012,2023-04-10,1071.5
221,INDUSINDBK,EQ,N,1078.1,1055.05,1077.4,1074.2,1075.0,1069.3,1932390,2071812057.05,1275.8,763.2,72178,INE095A01012,2023-04-11,1072.15
222,INDUSINDBK,EQ,N,1077.1,1057.55,1073.5,1074.75,1074.75,1074.2,3005913,3208046612.75,1275.8,763.2,80632,INE095A01012,2023-04-12,1067.25
223,INDUSINDBK,EQ,N,1114.5,1007.95,1073.0,1109.3,1105.0,1074.75,6082307,6557033299.3,1275.8,763.2,139938,INE095A01012,2023-04-13,1078.05
224,INDUSINDBK,EQ,N,1136.7,1105.0,1107.4,1124.35,1120.0,1109.3,5360050,6015268988.65,1275.8,763.2,115990,INE095A01012,2023-04-17,1122.24
225,INDUSINDBK,EQ,N,1149.5,1127.05,1130.0,1146.9,1146.3,1124.35,4455007,5081467348.3,1275.8,763.2,106054,INE095A01012,2023-04-18,1140.62
226,INDUSINDBK,EQ,N,1145.9,1118.55,1143.0,1120.4,1118.8,1146.9,2207739,2491181422.8,1275.8,763.2,60270,INE095A01012,2023-04-19,1128.39
227,INDUSINDBK,EQ,N,1131.55,1112.4,1118.95,1126.2,1126.8,1120.4,2530597,2839780201.1,1275.8,763.2,60695,INE095A01012,2023-04-20,1122.18
228,INDUSINDBK,EQ,N,1135.75,1108.35,1126.2,1116.35,1114.2,1126.2,1894300,2123871214.75,1275.8,763.2,60760,INE095A01012,2023-04-21,1121.19
229,INDUSINDBK,EQ,N,1141.0,1092.0,1130.75,1102.0,1101.35,1116.35,7711772,8608152710.15,1275.8,763.2,147551,INE095A01012,2023-04-24,1116.24
230,INDUSINDBK,EQ,N,1127.6,1113.1,1119.95,1121.75,1119.95,1102.0,5268567,5906187668.95,1275.8,763.2,128234,INE095A01012,2023-04-25,1121.02
231,INDUSINDBK,EQ,N,1139.8,1115.15,1117.75,1137.8,1138.0,1121.75,2688362,3042525608.35,1275.8,763.2,73663,INE095A01012,2023-04-26,1131.74
232,INDUSINDBK,EQ,N,1148.45,1130.0,1140.0,1144.75,1142.85,1137.8,2990958,3418148241.05,1275.8,763.2,79941,INE095A01012,2023-04-27,1142.83
233,INDUSINDBK,EQ,N,1157.55,1135.0,1148.75,1152.8,1153.0,1144.75,2239678,2565565544.9,1275.8,763.2,71915,INE095A01012,2023-04-28,1145.51
234,INDUSINDBK,EQ,N,1161.85,1150.0,1158.95,1150.9,1151.9,1152.8,2000569,2312505618.4,1275.8,763.2,67051,INE095A01012,2023-05-02,1155.92
235,INDUSINDBK,EQ,N,1159.9,1140.3,1142.5,1146.15,1145.5,1150.9,1816420,2085940436.3,1275.8,763.2,44684,INE095A01012,2023-05-03,1148.38
236,INDUSINDBK,EQ,N,1151.0,1129.0,1146.15,1134.6,1131.0,1146.15,2752160,3128399914.2,1275.8,763.2,59700,INE095A01012,2023-05-04,1136.71
237,INDUSINDBK,EQ,N,1154.95,1065.35,1131.0,1073.3,1082.75,1134.6,8504838,9397526137.75,1275.8,763.2,169203,INE095A01012,2023-05-05,1104.96
185,INDUSINDBK,EQ,N,1134.65,1087.0,1087.0,1126.35,1128.3,1073.3,6764292,7597355761.4,1275.8,763.2,145563,INE095A01012,2023-05-08,1123.16
186,INDUSINDBK,EQ,N,1149.9,1131.1,1135.0,1140.6,1141.65,1126.35,4181498,4775920476.9,1275.8,763.2,173111,INE095A01012,2023-05-09,1142.16
187,INDUSINDBK,EQ,N,1175.8,1150.0,1155.0,1172.55,1172.2,1140.6,6466598,7531096073.95,1275.8,763.2,166867,INE095A01012,2023-05-10,1164.61
188,INDUSINDBK,EQ,N,1200.0,1169.25,1175.0,1187.45,1187.35,1172.55,6086958,7233868699.1,1275.8,763.2,175116,INE095A01012,2023-05-11,1188.42
189,INDUSINDBK,EQ,N,1214.0,1176.05,1192.5,1208.65,1208.0,1187.45,3983609,4765580759.7,1275.8,763.2,149314,INE095A01012,2023-05-12,1196.3
190,INDUSINDBK,EQ,N,1222.65,1196.0,1208.6,1219.55,1219.0,1208.65,3323300,4032450109.7,1275.8,763.2,84274,INE095A01012,2023-05-15,1213.39
191,INDUSINDBK,EQ,N,1226.1,1208.65,1219.55,1220.3,1220.0,1219.55,2888698,3524554642.15,1275.8,763.2,89175,INE095A01012,2023-05-16,1220.12
192,INDUSINDBK,EQ,N,1248.0,1214.0,1217.05,1236.15,1232.0,1220.3,4661849,5748635962.75,1275.8,763.2,100780,INE095A01012,2023-05-17,1233.12
193,INDUSINDBK,EQ,N,1248.0,1230.7,1248.0,1238.9,1237.35,1236.15,2489971,3082743687.55,1275.8,763.2,70220,INE095A01012,2023-05-18,1238.06
194,INDUSINDBK,EQ,N,1251.0,1221.6,1243.0,1248.0,1247.6,1238.9,2366675,2922475581.6,1275.8,763.2,73155,INE095A01012,2023-05-19,1234.84
195,INDUSINDBK,EQ,N,1251.0,1232.5,1247.0,1246.15,1245.0,1248.0,2106351,2615952418.45,1275.8,763.2,72535,INE095A01012,2023-05-22,1241.94
196,INDUSINDBK,EQ,N,1266.9,1245.0,1246.0,1260.2,1258.8,1246.15,2142459,2699176116.35,1275.8,763.2,54383,INE095A01012,2023-05-23,1259.85
197,INDUSINDBK,EQ,N,1275.9,1247.65,1255.0,1271.75,1273.5,1260.2,2782379,3512890511.25,1275.9,763.2,62090,INE095A01012,2023-05-24,1262.55
198,INDUSINDBK,EQ,N,1271.9,1249.7,1268.95,1263.4,1260.1,1271.75,2589092,3263446864.8,1275.9,763.2,70216,INE095A01012,2023-05-25,1260.46
199,INDUSINDBK,EQ,N,1272.45,1255.9,1256.45,1268.05,1266.15,1263.4,1981580,2506365018.85,1275.9,763.2,46749,INE095A01012,2023-05-26,1264.83
200,INDUSINDBK,EQ,N,1295.0,1272.0,1272.2,1284.95,1283.35,1268.05,2985334,3847150313.6,1295.0,763.2,109784,INE095A01012,2023-05-29,1288.68
201,INDUSINDBK,EQ,N,1296.15,1276.4,1284.95,1293.25,1293.0,1284.95,1818000,2341404733.65,1296.15,763.2,59345,INE095A01012,2023-05-30,1287.9
202,INDUSINDBK,EQ,N,1297.4,1277.25,1289.0,1286.6,1283.15,1293.25,2764078,3557120741.7,1297.4,763.2,73327,INE095A01012,2023-05-31,1286.91
203,INDUSINDBK,EQ,N,1298.0,1251.5,1280.0,1290.15,1291.0,1286.6,3244947,4177275793.15,1298.0,763.2,77821,INE095A01012,2023-06-01,1287.32
204,INDUSINDBK,EQ,N,1292.95,1271.0,1282.4,1288.2,1284.0,1290.15,1912458,2457534728.85,1298.0,763.2,75733,INE095A01012,2023-06-02,1285.01
205,INDUSINDBK,EQ,N,1306.45,1282.65,1295.0,1301.8,1300.15,1288.2,3040374,3944971615.7,1306.45,763.2,99734,INE095A01012,2023-06-05,1297.53
206,INDUSINDBK,EQ,N,1315.9,1300.0,1302.0,1306.0,1303.5,1301.8,2902701,3799748292.75,1315.9,763.2,72579,INE095A01012,2023-06-06,1309.04
207,INDUSINDBK,EQ,N,1312.75,1303.2,1309.95,1311.2,1311.0,1306.0,2679118,3508053213.45,1315.9,763.2,81289,INE095A01012,2023-06-07,1309.41
208,INDUSINDBK,EQ,N,1323.9,1300.0,1316.45,1303.85,1304.0,1311.2,3215312,4220212847.35,1323.9,763.2,87663,INE095A01012,2023-06-08,1312.54
209,INDUSINDBK,EQ,N,1336.4,1298.4,1299.0,1331.05,1330.3,1303.85,4233651,5628480343.45,1336.4,763.2,102301,INE095A01012,2023-06-09,1329.46
210,INDUSINDBK,EQ,N,1336.95,1318.6,1336.95,1332.45,1332.5,1331.05,1904622,2529593077.0,1336.95,763.2,54120,INE095A01012,2023-06-12,1328.13
211,INDUSINDBK,EQ,N,1342.9,1332.35,1336.0,1336.25,1333.0,1332.45,3756073,5027392373.35,1342.9,763.2,75840,INE095A01012,2023-06-13,1338.47
212,INDUSINDBK,EQ,N,1336.25,1318.2,1335.05,1323.25,1322.15,1336.25,2858453,3791059291.8,1342.9,763.2,79630,INE095A01012,2023-06-14,1326.26
157,INDUSINDBK,EQ,N,1319.95,1288.5,1315.0,1297.1,1298.9,1323.25,5952095,7733549373.7,1342.9,763.2,146003,INE095A01012,2023-06-15,1299.3
158,INDUSINDBK,EQ,N,1318.6,1294.55,1297.1,1314.0,1310.9,1297.1,3508045,4579960197.9,1342.9,763.2,75873,INE095A01012,2023-06-16,1305.56
159,INDUSINDBK,EQ,N,1317.25,1290.6,1310.0,1301.4,1298.65,1314.0,2679485,3486003207.0,1342.9,763.2,81412,INE095A01012,2023-06-19,1301.0
160,INDUSINDBK,EQ,N,1315.4,1285.2,1295.0,1298.4,1295.45,1301.4,2102065,2716444913.55,1342.9,763.2,79993,INE095A01012,2023-06-20,1292.27
161,INDUSINDBK,EQ,N,1307.5,1284.4,1297.75,1286.6,1285.0,1298.4,1490552,1928590883.2,1342.9,763.2,79514,INE095A01012,2023-06-21,1293.88
162,INDUSINDBK,EQ,N,1289.05,1269.05,1286.6,1272.7,1270.0,1286.6,3185099,4069850624.25,1342.9,763.2,104363,INE095A01012,2023-06-22,1277.78
163,INDUSINDBK,EQ,N,1318.0,1262.0,1272.7,1308.7,1309.4,1272.7,4636121,6014496188.5,1342.9,763.2,106718,INE095A01012,2023-06-23,1297.31
164,INDUSINDBK,EQ,N,1326.6,1305.9,1314.8,1315.05,1314.2,1308.7,2236596,2942728525.7,1342.9,783.0,73053,INE095A01012,2023-06-26,1315.72
165,INDUSINDBK,EQ,N,1320.95,1297.35,1318.75,1315.95,1313.9,1315.05,2638788,3448388697.45,1342.9,783.0,102007,INE095A01012,2023-06-27,1306.81
166,INDUSINDBK,EQ,N,1346.95,1316.25,1325.0,1334.05,1336.65,1315.95,5550351,7401137283.85,1346.95,783.0,115372,INE095A01012,2023-06-28,1333.45
167,INDUSINDBK,EQ,N,1382.25,1337.05,1341.9,1374.65,1376.5,1334.05,4590286,6277137769.15,1382.25,783.0,126583,INE095A01012,2023-06-30,1367.48
168,INDUSINDBK,EQ,N,1387.0,1367.6,1379.95,1380.35,1378.5,1374.65,2890340,3981203392.45,1387.0,789.5,127222,INE095A01012,2023-07-03,1377.42
169,INDUSINDBK,EQ,N,1394.0,1363.3,1389.0,1367.35,1368.0,1380.35,2262047,3112520663.25,1394.0,789.5,87007,INE095A01012,2023-07-04,1375.98
170,INDUSINDBK,EQ,N,1413.1,1371.35,1371.35,1399.55,1399.9,1367.35,5288351,7401192081.35,1413.1,789.5,158360,INE095A01012,2023-07-05,1399.53
171,INDUSINDBK,EQ,N,1396.7,1373.4,1395.25,1390.2,1388.0,1399.55,3337234,4626752391.45,1413.1,789.5,128531,INE095A01012,2023-07-06,1386.4
172,INDUSINDBK,EQ,N,1393.95,1353.0,1384.55,1357.1,1357.7,1390.2,2922616,3990861861.15,1413.1,789.5,99447,INE095A01012,2023-07-07,1365.51
173,INDUSINDBK,EQ,N,1372.4,1345.15,1361.25,1367.0,1370.0,1357.1,1941110,2634835964.2,1413.1,789.5,79962,INE095A01012,2023-07-10,1357.39
174,INDUSINDBK,EQ,N,1383.65,1370.0,1372.0,1380.95,1379.5,1367.0,2110648,2906327602.8,1413.1,789.5,108694,INE095A01012,2023-07-11,1376.98
175,INDUSINDBK,EQ,N,1384.8,1351.0,1371.95,1371.45,1372.65,1380.95,4921224,6744193788.75,1413.1,789.5,154293,INE095A01012,2023-07-12,1370.43
176,INDUSINDBK,EQ,N,1391.5,1366.4,1384.0,1376.3,1378.0,1371.45,5174896,7142114492.35,1413.1,789.5,136658,INE095A01012,2023-07-13,1380.15
177,INDUSINDBK,EQ,N,1383.95,1367.0,1376.2,1377.0,1375.95,1376.3,3885754,5345114161.3,1413.1,789.5,118536,INE095A01012,2023-07-14,1375.57
178,INDUSINDBK,EQ,N,1404.75,1369.6,1380.0,1390.5,1396.55,1377.0,4003275,5533098028.2,1413.1,823.2,95840,INE095A01012,2023-07-17,1382.14
179,INDUSINDBK,EQ,N,1409.2,1382.5,1398.0,1390.25,1387.75,1390.5,4106331,5726477783.25,1413.1,823.2,133158,INE095A01012,2023-07-18,1394.55
180,INDUSINDBK,EQ,N,1443.4,1410.0,1430.0,1419.55,1420.7,1390.25,8850582,12605554682.9,1443.4,823.2,220130,INE095A01012,2023-07-19,1424.26
181,INDUSINDBK,EQ,N,1433.5,1418.2,1426.0,1425.15,1425.0,1419.55,4491531,6403944743.35,1443.4,823.2,131735,INE095A01012,2023-07-20,1425.78
182,INDUSINDBK,EQ,N,1430.35,1400.6,1422.05,1407.35,1408.5,1425.15,2138540,3016727878.05,1443.4,823.2,79061,INE095A01012,2023-07-21,1410.65
127,INDUSINDBK,EQ,N,1439.4,1405.3,1408.5,1435.7,1435.0,1407.35,2738185,3913646186.8,1443.4,939.55,81593,INE095A01012,2023-07-24,1429.28
128,INDUSINDBK,EQ,N,1446.0,1411.4,1437.0,1415.45,1418.0,1435.7,2982900,4274456108.4,1446.0,939.55,117533,INE095A01012,2023-07-25,1432.99
129,INDUSINDBK,EQ,N,1429.9,1411.2,1421.45,1427.7,1425.0,1415.45,1537232,2185431805.65,1446.0,939.55,71243,INE095A01012,2023-07-26,1421.67
130,INDUSINDBK,EQ,N,1433.2,1405.15,1433.2,1415.6,1417.3,1427.7,3362598,4761631736.4,1446.0,939.55,126525,INE095A01012,2023-07-27,1416.06
131,INDUSINDBK,EQ,N,1421.95,1397.6,1415.2,1401.95,1403.8,1415.6,1565680,2204062179.95,1446.0,939.55,65110,INE095A01012,2023-07-28,1407.73
132,INDUSINDBK,EQ,N,1419.9,1396.0,1409.35,1417.75,1417.8,1401.95,1721385,2427195410.35,1446.0,990.0,74293,INE095A01012,2023-07-31,1410.02
133,INDUSINDBK,EQ,N,1423.2,1389.35,1420.75,1394.6,1396.5,1417.75,1578914,2209052057.0,1446.0,990.0,75571,INE095A01012,2023-08-01,1399.1
134,INDUSINDBK,EQ,N,1394.15,1369.1,1390.0,1381.25,1380.0,1394.6,1913777,2644845264.8,1446.0,990.0,95456,INE095A01012,2023-08-02,1382.0
135,INDUSINDBK,EQ,N,1380.6,1354.05,1376.25,1364.5,1364.7,1381.25,3631489,4960983230.2,1446.0,990.0,146605,INE095A01012,2023-08-03,1366.1
136,INDUSINDBK,EQ,N,1414.9,1366.3,1370.05,1409.6,1405.55,1364.5,4063355,5678070133.7,1446.0,990.0,116902,INE095A01012,2023-08-04,1397.38
137,INDUSINDBK,EQ,N,1417.65,1399.35,1410.0,1415.25,1412.6,1409.6,2792582,3938960568.25,1446.0,990.0,80508,INE095A01012,2023-08-07,1410.51
138,INDUSINDBK,EQ,N,1420.95,1402.3,1415.25,1403.95,1404.15,1415.25,1846797,2604545642.95,1446.0,990.0,73637,INE095A01012,2023-08-08,1410.3
139,INDUSINDBK,EQ,N,1410.45,1392.0,1405.0,1408.45,1406.0,1403.95,1218020,1706484609.25,1446.0,990.0,55785,INE095A01012,2023-08-09,1401.03
140,INDUSINDBK,EQ,N,1434.0,1400.1,1402.45,1430.2,1430.0,1408.45,3730443,5290779915.0,1446.0,990.0,125355,INE095A01012,2023-08-10,1418.27
141,INDUSINDBK,EQ,N,1431.75,1392.75,1431.75,1397.25,1395.3,1430.2,3074690,4317634864.4,1446.0,990.0,85509,INE095A01012,2023-08-11,1404.25
142,INDUSINDBK,EQ,N,1397.5,1379.05,1395.0,1388.9,1387.8,1397.25,1783022,2470932415.4,1446.0,990.0,86568,INE095A01012,2023-08-14,1385.81
143,INDUSINDBK,EQ,N,1388.05,1367.0,1384.0,1380.7,1380.0,1388.9,2051360,2820818354.5,1446.0,990.0,56968,INE095A01012,2023-08-16,1375.1
144,INDUSINDBK,EQ,N,1391.25,1370.0,1381.15,1374.3,1376.25,1380.7,3329471,4595583493.0,1446.0,990.0,128967,INE095A01012,2023-08-17,1380.27
145,INDUSINDBK,EQ,N,1377.0,1360.85,1369.0,1371.7,1372.1,1374.3,1720129,2355351185.0,1446.0,990.0,96241,INE095A01012,2023-08-18,1369.29
146,INDUSINDBK,EQ,N,1400.0,1366.2,1375.0,1397.8,1397.25,1371.7,1763990,2445618887.1,1446.0,990.0,68073,INE095A01012,2023-08-21,1386.41
147,INDUSINDBK,EQ,N,1404.6,1394.1,1403.0,1401.15,1397.8,1397.8,1224910,1715065351.9,1446.0,990.0,64497,INE095A01012,2023-08-22,1400.16
148,INDUSINDBK,EQ,N,1408.0,1392.15,1401.15,1401.0,1399.15,1401.15,1681561,2354384960.7,1446.0,990.0,84762,INE095A01012,2023-08-23,1400.12
149,INDUSINDBK,EQ,N,1435.0,1402.25,1408.25,1425.15,1418.65,1401.0,3559546,5072372068.0,1446.0,990.0,155256,INE095A01012,2023-08-24,1425.01
150,INDUSINDBK,EQ,N,1421.45,1389.05,1417.95,1401.15,1397.5,1425.15,1862535,2608466631.8,1446.0,990.0,101274,INE095A01012,2023-08-25,1400.49
151,INDUSINDBK,EQ,N,1411.25,1393.8,1400.0,1409.45,1409.5,1401.15,1072295,1507628846.4,1446.0,990.0,67843,INE095A01012,2023-08-28,1405.98
152,INDUSINDBK,EQ,N,1413.7,1392.45,1409.45,1400.15,1401.0,1409.45,1831565,2565347394.4,1446.0,990.0,108426,INE095A01012,2023-08-29,1400.63
153,INDUSINDBK,EQ,N,1410.9,1386.85,1405.15,1392.45,1391.4,1400.15,1500390,2101953726.2,1446.0,990.0,94840,INE095A01012,2023-08-30,1400.94
154,INDUSINDBK,EQ,N,1401.9,1363.25,1392.45,1378.15,1379.0,1392.45,4106180,5655794363.35,1446.0,990.0,168986,INE095A01012,2023-08-31,1377.39
155,INDUSINDBK,EQ,N,1423.6,1376.2,1382.0,1416.55,1415.0,1378.15,2792033,3928047923.0,1446.0,990.0,136660,INE095A01012,2023-09-01,1406.88
100,INDUSINDBK,EQ,N,1427.5,1415.0,1423.85,1421.8,1419.15,1416.55,998692,1419366374.65,1446.0,990.0,62617,INE095A01012,2023-09-04,1421.23
101,INDUSINDBK,EQ,N,1429.8,1416.35,1425.0,1423.75,1422.65,1421.8,1469938,2092255196.8,1446.0,990.0,98804,INE095A01012,2023-09-05,1423.36
102,INDUSINDBK,EQ,N,1421.75,1396.45,1421.75,1408.65,1405.25,1423.75,4046484,5691713033.15,1446.0,990.0,216495,INE095A01012,2023-09-06,1406.58
103,INDUSINDBK,EQ,N,1443.2,1398.0,1408.65,1439.6,1438.0,1408.65,2278316,3238680631.85,1446.0,990.0,64840,INE095A01012,2023-09-07,1421.52
104,INDUSINDBK,EQ,N,1459.95,1434.1,1445.0,1448.85,1447.55,1439.6,2862657,4147574760.75,1459.95,990.0,79669,INE095A01012,2023-09-08,1448.85
105,INDUSINDBK,EQ,N,1452.0,1431.75,1449.05,1450.2,1450.0,1448.85,2220230,3208461003.2,1459.95,990.0,97912,INE095A01012,2023-09-11,1445.1
106,INDUSINDBK,EQ,N,1453.9,1425.1,1450.1,1429.15,1433.0,1450.2,1943026,2790984035.8,1459.95,990.0,118569,INE095A01012,2023-09-12,1436.41
107,INDUSINDBK,EQ,N,1459.65,1416.05,1429.9,1455.05,1456.0,1429.15,4302942,6204921612.05,1459.95,990.0,147469,INE095A01012,2023-09-13,1442.02
108,INDUSINDBK,EQ,N,1467.85,1450.45,1459.95,1458.25,1454.9,1455.05,2407947,3515502210.75,1467.85,990.0,138340,INE095A01012,2023-09-14,1459.96
109,INDUSINDBK,EQ,N,1464.4,1446.45,1464.4,1450.0,1452.0,1458.25,1647901,2391509907.0,1467.85,990.0,74194,INE095A01012,2023-09-15,1451.25
110,INDUSINDBK,EQ,N,1462.75,1445.15,1454.0,1456.9,1454.95,1450.0,1504046,2191396342.0,1467.85,990.0,90493,INE095A01012,2023-09-18,1457.0
111,INDUSINDBK,EQ,N,1475.65,1422.3,1441.0,1440.45,1440.1,1456.9,5683215,8219724810.3,1475.65,990.0,198989,INE095A01012,2023-09-20,1446.32
112,INDUSINDBK,EQ,N,1443.65,1406.35,1431.0,1411.3,1411.0,1440.45,2514377,3568510034.25,1475.65,990.0,178641,INE095A01012,2023-09-21,1419.24
113,INDUSINDBK,EQ,N,1463.5,1413.0,1416.0,1452.9,1451.65,1411.3,4397398,6350255335.6,1475.65,990.0,165019,INE095A01012,2023-09-22,1444.09
114,INDUSINDBK,EQ,N,1454.55,1434.1,1451.5,1442.75,1441.0,1452.9,2013653,2907711448.1,1475.65,990.0,67986,INE095A01012,2023-09-25,1444.0
115,INDUSINDBK,EQ,N,1443.95,1411.65,1440.0,1423.05,1426.3,1442.75,2870137,4085135704.75,1475.65,990.0,80675,INE095A01012,2023-09-26,1423.32
116,INDUSINDBK,EQ,N,1439.0,1418.3,1425.0,1436.45,1439.0,1423.05,3697690,5276249529.6,1475.65,990.0,126488,INE095A01012,2023-09-27,1426.9
117,INDUSINDBK,EQ,N,1445.35,1409.45,1437.0,1413.0,1414.75,1436.45,5876746,8366301351.45,1475.65,990.0,128835,INE095A01012,2023-09-28,1423.63
118,INDUSINDBK,EQ,N,1439.95,1399.3,1415.05,1428.85,1429.55,1413.0,2593595,3688107696.55,1475.65,990.0,80492,INE095A01012,2023-09-29,1422.01
119,INDUSINDBK,EQ,N,1438.4,1420.0,1432.0,1435.4,1434.0,1428.85,1442499,2065946132.75,1475.65,990.0,78958,INE095A01012,2023-10-03,1432.2
120,INDUSINDBK,EQ,N,1428.5,1386.2,1424.85,1401.3,1402.0,1435.4,3978667,5568861454.3,1475.65,990.0,153332,INE095A01012,2023-10-04,1399.68
121,INDUSINDBK,EQ,N,1415.4,1394.3,1408.7,1401.85,1402.7,1401.3,1647175,2313591610.2,1475.65,990.0,79644,INE095A01012,2023-10-05,1404.58
122,INDUSINDBK,EQ,N,1438.0,1401.1,1404.95,1434.8,1433.1,1401.85,2167139,3089449671.85,1475.65,990.0,110408,INE095A01012,2023-10-06,1425.59
123,INDUSINDBK,EQ,N,1445.0,1410.0,1420.1,1428.55,1424.1,1434.8,1613546,2308478128.7,1475.65,990.0,75765,INE095A01012,2023-10-09,1430.69
124,INDUSINDBK,EQ,N,1436.35,1412.05,1434.0,1420.55,1418.6,1428.55,1874201,2665280214.25,1475.65,990.0,89909,INE095A01012,2023-10-10,1422.09
125,INDUSINDBK,EQ,N,1431.9,1414.55,1430.95,1421.2,1419.5,1420.55,1855211,2636574225.05,1475.65,990.0,74566,INE095A01012,2023-10-11,1421.17
126,INDUSINDBK,EQ,N,1444.0,1421.0,1433.3,1424.25,1423.5,1421.2,2069952,2963956483.3,1475.65,990.0,79070,INE095A01012,2023-10-12,1431.9
73,INDUSINDBK,EQ,N,1466.3,1420.0,1421.2,1463.7,1459.05,1424.25,4480890,6508830054.1,1475.65,990.0,122279,INE095A01012,2023-10-13,1452.58
74,INDUSINDBK,EQ,N,1462.85,1444.45,1462.85,1446.4,1446.05,1463.7,1913782,2772948801.6,1475.65,990.0,65157,INE095A01012,2023-10-16,1448.94
75,INDUSINDBK,EQ,N,1458.45,1425.55,1454.9,1436.0,1434.0,1446.4,1373704,1982383585.1,1475.65,990.0,56827,INE095A01012,2023-10-17,1443.09
76,INDUSINDBK,EQ,N,1444.0,1415.6,1437.0,1420.35,1421.0,1436.0,3067244,4391052066.8,1475.65,990.0,133475,INE095A01012,2023-10-18,1431.6
77,INDUSINDBK,EQ,N,1464.7,1423.05,1451.5,1450.35,1448.05,1420.35,13948984,20187065922.45,1475.65,990.0,385423,INE095A01012,2023-10-19,1447.21
78,INDUSINDBK,EQ,N,1471.8,1443.1,1448.0,1469.1,1469.0,1450.35,5135316,7517516985.6,1475.65,990.0,156111,INE095A01012,2023-10-20,1463.89
79,INDUSINDBK,EQ,N,1469.75,1430.05,1469.0,1435.0,1445.0,1469.1,3319090,4821914638.65,1475.65,990.0,129720,INE095A01012,2023-10-23,1452.78
80,INDUSINDBK,EQ,N,1446.95,1410.05,1444.95,1412.7,1416.0,1435.0,4045910,5774468098.45,1475.65,990.0,153098,INE095A01012,2023-10-25,1427.24
81,INDUSINDBK,EQ,N,1429.3,1393.65,1412.65,1414.65,1410.9,1412.7,4194418,5912870451.9,1475.65,990.0,168402,INE095A01012,2023-10-26,1409.7
82,INDUSINDBK,EQ,N,1444.5,1412.7,1420.0,1441.3,1438.0,1414.65,2424655,3473454222.75,1475.65,990.0,88045,INE095A01012,2023-10-27,1432.56
83,INDUSINDBK,EQ,N,1460.9,1428.0,1440.0,1454.65,1455.0,1441.3,2255111,3272652765.4,1475.65,990.0,91769,INE095A01012,2023-10-30,1451.22
84,INDUSINDBK,EQ,N,1460.0,1436.55,1456.0,1441.3,1441.0,1454.65,1454345,2106238418.5,1475.65,990.0,72408,INE095A01012,2023-10-31,1448.24
85,INDUSINDBK,EQ,N,1445.6,1427.15,1443.9,1432.6,1434.9,1441.3,2658439,3817880143.3,1475.65,990.0,107596,INE095A01012,2023-11-01,1436.14
86,INDUSINDBK,EQ,N,1479.95,1439.1,1447.0,1461.2,1462.75,1432.6,4524652,6614604935.65,1479.95,990.0,153806,INE095A01012,2023-11-02,1461.9
87,INDUSINDBK,EQ,N,1475.0,1448.0,1471.0,1450.25,1449.0,1461.2,3052041,4454653571.35,1479.95,990.0,128969,INE095A01012,2023-11-03,1459.57
88,INDUSINDBK,EQ,N,1471.9,1456.0,1463.0,1470.25,1469.0,1450.25,2090640,3059190122.65,1479.95,990.0,72964,INE095A01012,2023-11-06,1463.28
89,INDUSINDBK,EQ,N,1490.45,1464.25,1469.55,1486.4,1486.45,1470.25,2830149,4185060458.4,1490.45,990.0,93394,INE095A01012,2023-11-07,1478.74
90,INDUSINDBK,EQ,N,1495.95,1481.25,1493.95,1488.95,1485.0,1486.4,3210977,4780064356.05,1495.95,990.0,132572,INE095A01012,2023-11-08,1488.66
91,INDUSINDBK,EQ,N,1516.3,1484.85,1488.95,1507.35,1509.9,1488.95,3207721,4836905131.7,1516.3,990.0,121130,INE095A01012,2023-11-09,1507.89
92,INDUSINDBK,EQ,N,1509.45,1493.15,1499.95,1498.8,1499.85,1507.35,2247500,3374228359.75,1516.3,990.0,81391,INE095A01012,2023-11-10,1501.33
93,INDUSINDBK,EQ,N,1507.9,1495.4,1503.55,1502.1,1502.0,1498.8,145114,217972716.85,1516.3,990.0,6112,INE095A01012,2023-11-12,1502.08
94,INDUSINDBK,EQ,N,1516.0,1496.15,1502.0,1509.6,1506.0,1502.1,2026629,3061339116.45,1516.3,990.0,94584,INE095A01012,2023-11-13,1510.56
95,INDUSINDBK,EQ,N,1538.5,1490.25,1538.5,1493.95,1495.0,1509.6,6293703,9493588218.3,1538.5,990.0,213859,INE095A01012,2023-11-15,1508.43
96,INDUSINDBK,EQ,N,1506.6,1493.0,1500.0,1498.65,1499.7,1493.95,2728834,4093684020.75,1538.5,990.0,124790,INE095A01012,2023-11-16,1500.16
97,INDUSINDBK,EQ,N,1509.0,1485.55,1490.55,1498.45,1495.0,1498.65,4182376,6271300875.7,1538.5,990.0,187897,INE095A01012,2023-11-17,1499.46
98,INDUSINDBK,EQ,N,1509.45,1490.7,1498.9,1504.8,1501.75,1498.45,2125867,3194166477.7,1538.5,990.0,89981,INE095A01012,2023-11-20,1502.52
99,INDUSINDBK,EQ,N,1507.45,1494.1,1505.5,1502.05,1502.0,1504.8,1661103,2494087684.1,1538.5,990.0,78053,INE095A01012,2023-11-21,1501.46
46,INDUSINDBK,EQ,N,1505.5,1458.95,1500.0,1470.4,1470.45,1502.05,3914008,5782289477.0,1538.5,990.0,135462,INE095A01012,2023-11-22,1477.33
47,INDUSINDBK,EQ,N,1496.25,1470.45,1475.0,1486.1,1487.0,1470.4,3832098,5700190690.5,1538.5,990.0,92186,INE095A01012,2023-11-23,1487.49
48,INDUSINDBK,EQ,N,1491.9,1474.0,1491.45,1476.2,1476.0,1486.1,2813844,4169239622.0,1538.5,990.0,136187,INE095A01012,2023-11-24,1481.69
49,INDUSINDBK,EQ,N,1486.8,1468.0,1480.0,1477.55,1479.0,1476.2,4305915,6360455704.25,1538.5,990.0,154184,INE095A01012,2023-11-28,1477.14
50,INDUSINDBK,EQ,N,1489.55,1471.25,1484.0,1483.55,1486.0,1477.55,3477076,5153864731.5,1538.5,990.0,125675,INE095A01012,2023-11-29,1482.24
51,INDUSINDBK,EQ,N,1500.0,1450.05,1500.0,1466.1,1468.0,1483.55,45549217,66827869375.25,1538.5,990.0,289170,INE095A01012,2023-11-30,1467.16
52,INDUSINDBK,EQ,N,1493.0,1458.15,1479.0,1461.05,1461.9,1466.1,4063279,5980969742.4,1538.5,990.0,109519,INE095A01012,2023-12-01,1471.96
53,INDUSINDBK,EQ,N,1517.55,1473.45,1490.0,1514.65,1515.55,1461.05,4254987,6373671983.3,1538.5,990.0,138472,INE095A01012,2023-12-04,1497.93
54,INDUSINDBK,EQ,N,1525.5,1486.5,1519.8,1506.6,1505.0,1514.65,3457904,5208748597.65,1538.5,990.0,148631,INE095A01012,2023-12-05,1506.33
55,INDUSINDBK,EQ,N,1521.35,1493.35,1517.0,1501.6,1503.9,1506.6,3405245,5118396087.05,1538.5,990.0,101178,INE095A01012,2023-12-06,1503.09
56,INDUSINDBK,EQ,N,1514.95,1496.05,1505.0,1504.75,1506.25,1501.6,1931490,2906074093.8,1538.5,990.0,85452,INE095A01012,2023-12-07,1504.58
57,INDUSINDBK,EQ,N,1520.95,1494.05,1510.0,1508.95,1509.5,1504.75,2568088,3872329339.85,1538.5,990.0,101269,INE095A01012,2023-12-08,1507.86
58,INDUSINDBK,EQ,N,1537.95,1510.0,1512.8,1521.85,1522.3,1508.95,2194782,3345545018.75,1538.5,990.0,90443,INE095A01012,2023-12-11,1524.32
59,INDUSINDBK,EQ,N,1528.9,1489.95,1528.9,1497.0,1499.0,1521.85,1621785,2448373137.6,1538.5,990.0,74085,INE095A01012,2023-12-12,1509.68
60,INDUSINDBK,EQ,N,1512.65,1495.0,1502.0,1506.9,1504.3,1497.0,2562565,3860567990.0,1538.5,990.0,123823,INE095A01012,2023-12-13,1506.52
61,INDUSINDBK,EQ,N,1554.5,1515.6,1523.0,1551.7,1551.95,1506.9,3427500,5291270898.15,1554.5,990.0,147781,INE095A01012,2023-12-14,1543.77
62,INDUSINDBK,EQ,N,1578.0,1547.05,1552.95,1570.8,1567.1,1551.7,3478643,5437505289.1,1578.0,990.0,136315,INE095A01012,2023-12-15,1563.11
63,INDUSINDBK,EQ,N,1570.0,1552.0,1570.0,1556.35,1554.0,1570.8,1352458,2107342880.5,1578.0,990.0,90936,INE095A01012,2023-12-18,1558.16
64,INDUSINDBK,EQ,N,1586.05,1542.2,1556.35,1566.55,1566.5,1556.35,2297704,3600876679.0,1586.05,990.0,116760,INE095A01012,2023-12-19,1567.16
65,INDUSINDBK,EQ,N,1581.0,1549.5,1578.0,1556.15,1551.0,1566.55,3218717,5043435729.55,1586.05,990.0,121454,INE095A01012,2023-12-20,1566.91
66,INDUSINDBK,EQ,N,1574.0,1527.55,1542.1,1570.0,1570.0,1556.15,2400593,3716196118.15,1586.05,990.0,123581,INE095A01012,2023-12-21,1548.03
67,INDUSINDBK,EQ,N,1591.1,1557.9,1574.3,1562.35,1560.25,1570.0,2214206,3486292175.0,1591.1,990.0,117259,INE095A01012,2023-12-22,1574.51
68,INDUSINDBK,EQ,N,1582.75,1557.0,1562.95,1570.8,1572.8,1562.35,1129332,1775151328.5,1591.1,990.0,85088,INE095A01012,2023-12-26,1571.86
69,INDUSINDBK,EQ,N,1600.0,1567.3,1573.15,1597.45,1595.0,1570.8,1887827,3004544101.6,1600.0,990.0,102357,INE095A01012,2023-12-27,1591.54
70,INDUSINDBK,EQ,N,1618.7,1592.0,1600.0,1610.55,1609.65,1597.45,3143161,5048949173.15,1618.7,990.0,174998,INE095A01012,2023-12-28,1606.33
71,INDUSINDBK,EQ,N,1618.9,1587.05,1615.0,1598.95,1595.9,1610.55,1779207,2840773228.8,1618.9,990.0,91537,INE095A01012,2023-12-29,1596.65
16,INDUSINDBK,EQ,N,1611.4,1591.8,1598.95,1598.85,1595.0,1598.95,1341121,2148594776.3,1618.9,990.0,84504,INE095A01012,2024-01-01,1602.09
17,INDUSINDBK,EQ,N,1598.25,1570.0,1594.1,1575.6,1571.0,1598.85,1227193,1943535629.45,1618.9,990.0,89821,INE095A01012,2024-01-02,1583.72
18,INDUSINDBK,EQ,N,1604.95,1558.0,1575.5,1601.15,1598.0,1575.6,2620296,4154050732.0,1618.9,990.0,103676,INE095A01012,2024-01-03,1585.34
19,INDUSINDBK,EQ,N,1655.0,1593.0,1593.0,1648.55,1645.9,1601.15,4271262,6999412152.0,1655.0,990.0,159506,INE095A01012,2024-01-04,1638.72
20,INDUSINDBK,EQ,N,1654.0,1629.0,1654.0,1643.2,1640.0,1648.55,2294140,3764239885.7,1655.0,990.0,116652,INE095A01012,2024-01-05,1640.81
21,INDUSINDBK,EQ,N,1650.05,1622.0,1633.0,1627.1,1622.15,1643.2,1791003,2927104052.9,1655.0,990.0,99824,INE095A01012,2024-01-08,1634.34
22,INDUSINDBK,EQ,N,1643.9,1621.0,1631.95,1625.1,1625.0,1627.1,1619091,2649512053.6,1655.0,990.0,69123,INE095A01012,2024-01-09,1636.42
23,INDUSINDBK,EQ,N,1642.75,1620.0,1620.0,1640.15,1639.7,1625.1,1629958,2668262758.65,1655.0,990.0,78796,INE095A01012,2024-01-10,1637.01
24,INDUSINDBK,EQ,N,1668.2,1642.55,1643.95,1657.85,1660.9,1640.15,1914421,3175405708.7,1668.2,990.0,118559,INE095A01012,2024-01-11,1658.68
25,INDUSINDBK,EQ,N,1677.85,1647.4,1657.85,1674.0,1671.45,1657.85,2161848,3609504748.85,1677.85,990.0,115895,INE095A01012,2024-01-12,1669.64
26,INDUSINDBK,EQ,N,1694.5,1668.05,1684.8,1688.85,1688.95,1674.0,2930339,4939806154.25,1694.5,990.0,170648,INE095A01012,2024-01-15,1685.75
27,INDUSINDBK,EQ,N,1691.75,1663.05,1688.85,1667.05,1667.0,1688.85,1316138,2204712927.05,1694.5,990.0,95595,INE095A01012,2024-01-16,1675.14
28,INDUSINDBK,EQ,N,1677.05,1631.85,1650.0,1643.9,1640.0,1667.05,6683398,11024813490.95,1694.5,990.0,231139,INE095A01012,2024-01-17,1649.58
29,INDUSINDBK,EQ,N,1639.6,1595.1,1634.95,1612.9,1615.75,1643.9,3557256,5753327689.8,1694.5,990.0,237030,INE095A01012,2024-01-18,1617.35
30,INDUSINDBK,EQ,N,1631.75,1550.2,1622.7,1561.1,1560.5,1612.9,10982524,17267842665.35,1694.5,990.0,368442,INE095A01012,2024-01-19,1572.3
31,INDUSINDBK,EQ,N,1571.9,1530.0,1570.0,1535.35,1536.0,1561.1,3158588,4878381888.45,1694.5,990.0,98438,INE095A01012,2024-01-20,1544.48
32,INDUSINDBK,EQ,N,1547.9,1428.05,1535.0,1441.7,1440.45,1535.35,10097057,14918918024.5,1694.5,990.0,335045,INE095A01012,2024-01-23,1477.55
33,INDUSINDBK,EQ,N,1495.8,1442.0,1459.95,1490.85,1495.45,1441.7,9155544,13487756487.3,1694.5,990.0,286439,INE095A01012,2024-01-24,1473.18
34,INDUSINDBK,EQ,N,1543.95,1488.6,1490.0,1512.0,1508.35,1490.85,8118578,12234107819.85,1694.5,990.0,283308,INE095A01012,2024-01-25,1506.93
35,INDUSINDBK,EQ,N,1537.75,1515.35,1523.0,1526.8,1529.9,1512.0,3058020,4673528374.3,1694.5,990.0,129958,INE095A01012,2024-01-29,1528.29
36,INDUSINDBK,EQ,N,1544.45,1510.05,1530.0,1519.9,1515.75,1526.8,1721705,2634181684.3,1694.5,990.0,88033,INE095A01012,2024-01-30,1529.98
37,INDUSINDBK,EQ,N,1548.0,1507.15,1519.2,1534.05,1537.75,1519.9,3867886,5940100870.85,1694.5,990.0,174592,INE095A01012,2024-01-31,1535.75
38,INDUSINDBK,EQ,N,1547.55,1523.55,1537.75,1541.15,1536.95,1534.05,2240634,3447858960.85,1694.5,990.0,121392,INE095A01012,2024-02-01,1538.79
39,INDUSINDBK,EQ,N,1564.85,1529.55,1551.0,1533.75,1532.75,1541.15,3554450,5518766031.45,1694.5,990.0,169557,INE095A01012,2024-02-02,1552.64
40,INDUSINDBK,EQ,N,1550.0,1521.8,1532.75,1537.8,1530.7,1533.75,2624023,4042312809.25,1694.5,990.2,136960,INE095A01012,2024-02-05,1540.5
41,INDUSINDBK,EQ,N,1550.45,1504.15,1550.0,1511.4,1513.2,1537.8,3312270,5023882493.15,1694.5,990.2,155950,INE095A01012,2024-02-06,1516.75
42,INDUSINDBK,EQ,N,1522.4,1492.2,1522.4,1515.35,1520.0,1511.4,4066189,6139198751.4,1694.5,990.2,182277,INE095A01012,2024-02-07,1509.82
43,INDUSINDBK,EQ,N,1540.95,1470.0,1522.7,1477.3,1483.5,1515.35,2931291,4404775557.95,1694.5,990.2,164635,INE095A01012,2024-02-08,1502.67
0,INDUSINDBK,EQ,N,1491.4,1462.65,1480.25,1486.25,1487.0,1477.3,2388841,3527643146.7,1694.5,990.2,125205,INE095A01012,2024-02-09,1476.72
1,INDUSINDBK,EQ,N,1497.0,1442.15,1488.2,1447.15,1452.4,1486.25,2821957,4110561701.75,1694.5,990.2,118593,INE095A01012,2024-02-12,1456.64
2,INDUSINDBK,EQ,N,1476.25,1430.65,1452.4,1463.9,1460.0,1447.15,4601482,6695438968.25,1694.5,990.2,203716,INE095A01012,2024-02-13,1455.06
3,INDUSINDBK,EQ,N,1494.5,1435.95,1450.05,1481.5,1484.5,1463.9,4208176,6172572423.1,1694.5,990.2,171061,INE095A01012,2024-02-14,1466.8
4,INDUSINDBK,EQ,N,1492.85,1460.3,1491.0,1476.95,1480.3,1481.5,1906763,2810038578.45,1694.5,990.2,132558,INE095A01012,2024-02-15,1473.72
5,INDUSINDBK,EQ,N,1506.5,1471.0,1485.95,1493.65,1491.75,1476.95,1844045,2754056461.9,1694.5,990.2,99732,INE095A01012,2024-02-16,1493.49
6,INDUSINDBK,EQ,N,1502.8,1477.0,1499.9,1483.6,1485.0,1493.65,1209609,1803052531.35,1694.5,990.2,85337,INE095A01012,2024-02-19,1490.61
7,INDUSINDBK,EQ,N,1508.0,1475.05,1489.0,1504.2,1507.0,1483.6,2390096,3563651645.8,1694.5,990.2,94775,INE095A01012,2024-02-20,1491.01
8,INDUSINDBK,EQ,N,1526.8,1502.5,1520.0,1517.25,1515.0,1504.2,5259113,7961913431.5,1694.5,990.2,166714,INE095A01012,2024-02-21,1513.93
9,INDUSINDBK,EQ,N,1520.0,1463.5,1517.25,1489.15,1492.0,1517.25,4969478,7366723439.3,1694.5,990.2,191813,INE095A01012,2024-02-22,1482.39
10,INDUSINDBK,EQ,N,1504.9,1475.05,1498.45,1480.3,1478.95,1489.15,2557861,3808894016.05,1694.5,990.2,145905,INE095A01012,2024-02-23,1489.09
11,INDUSINDBK,EQ,N,1486.0,1463.9,1481.0,1466.5,1467.0,1480.3,2077787,3057485639.45,1694.5,990.2,105902,INE095A01012,2024-02-26,1471.51
12,INDUSINDBK,EQ,N,1497.35,1458.5,1466.5,1493.05,1492.0,1466.5,2843312,4194942902.1,1694.5,990.2,133884,INE095A01012,2024-02-27,1475.37
13,INDUSINDBK,EQ,N,1503.45,1442.5,1495.0,1449.2,1446.05,1493.05,2661887,3916467654.6,1694.5,990.2,98324,INE095A01012,2024-02-28,1471.31
14,INDUSINDBK,EQ,N,1484.0,1440.0,1451.0,1474.9,1479.9,1449.2,4216252,6165051203.9,1694.5,990.2,189555,INE095A01012,2024-02-29,1462.21
15,INDUSINDBK,EQ,N,1528.75,1477.85,1480.0,1526.65,1524.0,1474.9,3549401,5353763822.55,1694.5,990.2,159490,INE095A01012,2024-03-01,1508.36
