,_id,CH_SYMBOL,CH_SERIES,CH_MARKET_TYPE,CH_TRADE_HIGH_PRICE,CH_TRADE_LOW_PRICE,CH_OPENING_PRICE,CH_CLOSING_PRICE,CH_LAST_TRADED_PRICE,CH_PREVIOUS_CLS_PRICE,CH_TOT_TRADED_QTY,CH_TOT_TRADED_VAL,CH_52WEEK_HIGH_PRICE,CH_52WEEK_LOW_PRICE,CH_TOTAL_TRADES,CH_ISIN,CH_TIMESTAMP,TIMESTAMP,createdAt,updatedAt,__v,SLBMH_TOT_VAL,VWAP,mTIMESTAMP,CA
0,65c613dd2ce7cc3ec0772f6f,BAJAJFINSV,EQ,N,1587.3,1562.7,1586.25,1570.95,1571.0,1570.55,1049368,1647980452.25,1741.0,1215.0,87019,INE918I01026,2024-02-09,2024-02-08T18:30:00.000Z,2024-02-09T12:00:29.627Z,2024-02-09T12:00:29.627Z,0,,1570.45,09-Feb-2024,
1,65ca085d3d2c61c7ee71c0a3,BAJAJFINSV,EQ,N,1579.3,1551.5,1578.75,1557.25,1560.0,1570.95,803753,1254854966.6,1741.0,1215.0,50949,INE918I01026,2024-02-12,2024-02-11T18:30:00.000Z,2024-02-12T12:00:29.575Z,2024-02-12T12:00:29.575Z,0,,1561.24,12-Feb-2024,
2,65cb59dbc77ecab986d056a1,BAJAJFINSV,EQ,N,1586.45,1552.2,1560.0,1568.0,1566.95,1557.25,1833289,2884314243.7,1741.0,1215.0,123495,INE918I01026,2024-02-13,2024-02-12T18:30:00.000Z,2024-02-13T12:00:27.746Z,2024-02-13T12:00:27.746Z,0,,1573.3,13-Feb-2024,
3,65ccab7eb3b7cee94bb0627e,BAJAJFINSV,EQ,N,1583.0,1555.0,1560.0,1579.7,1583.0,1568.0,763689,1199533587.8,1741.0,1215.0,49673,INE918I01026,2024-02-14,2024-02-13T18:30:00.000Z,2024-02-14T12:01:02.661Z,2024-02-14T12:01:02.661Z,0,,1570.71,14-Feb-2024,
4,65cdfcff0b93c6793ba3e6e1,BAJAJFINSV,EQ,N,1590.0,1564.55,1589.95,1569.4,1570.05,1579.7,803588,1263476317.6,1741.0,1215.0,70643,INE918I01026,2024-02-15,2024-02-14T18:30:00.000Z,2024-02-15T12:01:03.019Z,2024-02-15T12:01:03.019Z,0,,1572.29,15-Feb-2024,
5,65cf4e7e61aab0774d35ae0a,BAJAJFINSV,EQ,N,1585.0,1567.05,1583.1,1575.9,1575.0,1569.4,850341,1338200022.6,1741.0,1215.0,53683,INE918I01026,2024-02-16,2024-02-15T18:30:00.000Z,2024-02-16T12:01:02.468Z,2024-02-16T12:01:02.468Z,0,,1573.72,16-Feb-2024,
6,65d39092c64559bd8f40fe23,BAJAJFINSV,EQ,N,1625.0,1572.0,1576.0,1620.15,1618.6,1575.9,1162373,1869368727.05,1741.0,1215.0,67414,INE918I01026,2024-02-19,2024-02-18T18:30:00.000Z,2024-02-19T17:32:02.934Z,2024-02-19T17:32:02.934Z,0,,1608.23,19-Feb-2024,
7,65d4945d64fbe6f723b14a3b,BAJAJFINSV,EQ,N,1619.0,1597.5,1617.95,1602.85,1605.95,1620.15,1232581,1981219619.95,1741.0,1215.0,75341,INE918I01026,2024-02-20,2024-02-19T18:30:00.000Z,2024-02-20T12:00:29.457Z,2024-02-20T12:00:29.457Z,0,,1607.37,20-Feb-2024,
8,65d5e5fff1fbe8e7f6d9cc44,BAJAJFINSV,EQ,N,1618.6,1580.6,1604.0,1586.95,1588.05,1602.85,674394,1077457933.55,1741.0,1215.0,52894,INE918I01026,2024-02-21,2024-02-20T18:30:00.000Z,2024-02-21T12:01:03.053Z,2024-02-21T12:01:03.053Z,0,,1597.67,21-Feb-2024,
9,65d7377e42995682861e43aa,BAJAJFINSV,EQ,N,1599.0,1565.85,1599.0,1592.55,1593.85,1586.95,1149519,1813696118.8,1741.0,1215.0,103955,INE918I01026,2024-02-22,2024-02-21T18:30:00.000Z,2024-02-22T12:01:02.951Z,2024-02-22T12:01:02.951Z,0,,1577.79,22-Feb-2024,
10,65da41632fa2c80c601106cb,BAJAJFINSV,EQ,N,1620.9,1596.0,1596.0,1616.55,1616.0,1592.55,1199419,1931457179.1,1741.0,1215.0,69755,INE918I01026,2024-02-23,2024-02-22T18:30:00.000Z,2024-02-24T19:20:03.682Z,2024-02-24T19:20:03.682Z,0,,1610.33,23-Feb-2024,
11,65dc7d5c18353a15cfb0a03b,BAJAJFINSV,EQ,N,1629.4,1610.0,1616.0,1614.3,1611.95,1616.55,742382,1202141497.3,1741.0,1215.0,59548,INE918I01026,2024-02-26,2024-02-25T18:30:00.000Z,2024-02-26T12:00:28.049Z,2024-02-26T12:00:28.049Z,0,,1619.3,26-Feb-2024,
12,65ddcedddc3d5b40c3c1edf5,BAJAJFINSV,EQ,N,1623.45,1595.0,1614.3,1600.6,1595.0,1614.3,931236,1498688392.35,1741.0,1215.0,72169,INE918I01026,2024-02-27,2024-02-26T18:30:00.000Z,2024-02-27T12:00:29.751Z,2024-02-27T12:00:29.751Z,0,,1609.35,27-Feb-2024,
13,65df207e3ab4615b7638723f,BAJAJFINSV,EQ,N,1609.7,1580.0,1603.0,1584.5,1586.7,1600.6,790763,1261358603.55,1741.0,1215.0,48022,INE918I01026,2024-02-28,2024-02-27T18:30:00.000Z,2024-02-28T12:01:02.912Z,2024-02-28T12:01:02.912Z,0,,1595.12,28-Feb-2024,
14,65e071fe79a06978a17fbb1b,BAJAJFINSV,EQ,N,1603.6,1568.35,1584.95,1593.8,1593.85,1584.5,1352363,2148535814.35,1741.0,1215.0,87800,INE918I01026,2024-02-29,2024-02-28T18:30:00.000Z,2024-02-29T12:01:02.661Z,2024-02-29T12:01:02.661Z,0,,1588.73,29-Feb-2024,
15,65e1c37fc9980b75461228f2,BAJAJFINSV,EQ,N,1620.3,1595.2,1597.95,1613.4,1610.2,1593.8,740120,1193738842.5,1741.0,1215.0,67417,INE918I01026,2024-03-01,2024-02-29T18:30:00.000Z,2024-03-01T12:01:03.356Z,2024-03-01T12:01:03.356Z,0,,1612.9,01-Mar-2024,
16,6592a97e1f3097105c5a180e,BAJAJFINSV,EQ,N,1691.7,1671.0,1685.8,1676.4,1672.0,1685.8,692280,1162435414.4,1741.0,1215.0,43193,INE918I01026,2024-01-01,2023-12-31T18:30:00.000Z,2024-01-01T12:01:02.543Z,2024-01-01T12:01:02.543Z,0,,1679.14,01-Jan-2024,
17,6593fae5c4132a5d6c53fb56,BAJAJFINSV,EQ,N,1689.85,1663.45,1675.9,1686.2,1685.0,1676.4,1099965,1847393963.5,1741.0,1215.0,87475,INE918I01026,2024-01-02,2024-01-01T18:30:00.000Z,2024-01-02T12:00:37.160Z,2024-01-02T12:00:37.160Z,0,,1679.5,02-Jan-2024,
18,65954c7e0920b679ebe59ba1,BAJAJFINSV,EQ,N,1708.0,1676.0,1680.0,1677.65,1679.0,1686.2,804258,1358788967.9,1741.0,1215.0,54618,INE918I01026,2024-01-03,2024-01-02T18:30:00.000Z,2024-01-03T12:01:02.832Z,2024-01-03T12:01:02.832Z,0,,1689.49,03-Jan-2024,
19,65969de08bc6e5de3ccce99f,BAJAJFINSV,EQ,N,1723.95,1690.0,1694.35,1701.95,1701.8,1677.65,2268009,3871811823.25,1741.0,1215.0,109837,INE918I01026,2024-01-04,2024-01-03T18:30:00.000Z,2024-01-04T12:00:32.697Z,2024-01-04T12:00:32.697Z,0,,1707.14,04-Jan-2024,
20,6597ef5d81dced1976cdd398,BAJAJFINSV,EQ,N,1717.1,1697.65,1702.95,1709.5,1707.4,1701.95,835592,1427525109.45,1741.0,1215.0,89194,INE918I01026,2024-01-05,2024-01-04T18:30:00.000Z,2024-01-05T12:00:29.946Z,2024-01-05T12:00:29.946Z,0,,1708.4,05-Jan-2024,
21,659be3dd0e4dca342c4d373b,BAJAJFINSV,EQ,N,1723.65,1690.2,1715.95,1696.35,1695.5,1709.5,684254,1166134742.35,1741.0,1215.0,58711,INE918I01026,2024-01-08,2024-01-07T18:30:00.000Z,2024-01-08T12:00:29.292Z,2024-01-08T12:00:29.292Z,0,,1704.24,08-Jan-2024,
22,659d355dcd960f131d88da7a,BAJAJFINSV,EQ,N,1715.0,1674.3,1710.45,1682.45,1680.0,1696.35,1235008,2095200779.3,1741.0,1215.0,72669,INE918I01026,2024-01-09,2024-01-08T18:30:00.000Z,2024-01-09T12:00:29.667Z,2024-01-09T12:00:29.667Z,0,,1696.51,09-Jan-2024,
23,659e86dd3207e4f9f5290dd5,BAJAJFINSV,EQ,N,1685.0,1658.65,1685.0,1671.85,1673.7,1682.45,607010,1013040092.2,1741.0,1215.0,42761,INE918I01026,2024-01-10,2024-01-09T18:30:00.000Z,2024-01-10T12:00:29.596Z,2024-01-10T12:00:29.596Z,0,,1668.9,10-Jan-2024,
24,659fd85dea2187a7f76e8142,BAJAJFINSV,EQ,N,1702.65,1660.15,1679.0,1669.25,1668.0,1671.85,861924,1448143375.75,1741.0,1215.0,67278,INE918I01026,2024-01-11,2024-01-10T18:30:00.000Z,2024-01-11T12:00:29.777Z,2024-01-11T12:00:29.777Z,0,,1680.13,11-Jan-2024,
25,65a129fe40ce9096768bd004,BAJAJFINSV,EQ,N,1674.95,1642.0,1670.25,1651.9,1652.3,1669.25,1314964,2174054084.2,1741.0,1215.0,94927,INE918I01026,2024-01-12,2024-01-11T18:30:00.000Z,2024-01-12T12:01:02.610Z,2024-01-12T12:01:02.610Z,0,,1653.32,12-Jan-2024,
26,65a523126b1be37ce45ad84a,BAJAJFINSV,EQ,N,1664.15,1630.05,1655.0,1632.4,1632.0,1651.9,1089891,1786336368.5,1741.0,1215.0,76156,INE918I01026,2024-01-15,2024-01-14T18:30:00.000Z,2024-01-15T12:20:34.537Z,2024-01-15T12:20:34.537Z,0,,1639.0,15-Jan-2024,
27,65a66fe3b8ccbcfd4c2a0e76,BAJAJFINSV,EQ,N,1646.3,1620.0,1634.0,1623.5,1621.2,1632.4,1063676,1735903694.55,1741.0,1215.0,89460,INE918I01026,2024-01-16,2024-01-15T18:30:00.000Z,2024-01-16T12:00:35.263Z,2024-01-16T12:00:35.263Z,0,,1631.99,16-Jan-2024,
28,65a7c17f0a0ab9503507094b,BAJAJFINSV,EQ,N,1622.0,1578.05,1614.95,1586.15,1590.05,1623.5,1488186,2371426262.55,1741.0,1215.0,116025,INE918I01026,2024-01-17,2024-01-16T18:30:00.000Z,2024-01-17T12:01:03.124Z,2024-01-17T12:01:03.124Z,0,,1593.5,17-Jan-2024,
29,65a912de1ba6ed2ab4d22844,BAJAJFINSV,EQ,N,1605.35,1559.0,1586.0,1581.15,1581.75,1586.15,1133236,1784994345.9,1741.0,1215.0,96727,INE918I01026,2024-01-18,2024-01-17T18:30:00.000Z,2024-01-18T12:00:30.079Z,2024-01-18T12:00:30.079Z,0,,1575.13,18-Jan-2024,
30,65aa64baf173ca68878c2a0f,BAJAJFINSV,EQ,N,1606.35,1581.0,1590.95,1600.5,1601.95,1581.15,1139473,1819240346.6,1741.0,1215.0,129056,INE918I01026,2024-01-19,2024-01-18T18:30:00.000Z,2024-01-19T12:02:02.875Z,2024-01-19T12:02:02.875Z,0,,1596.56,19-Jan-2024,
31,65abe14231f9ebde1983730b,BAJAJFINSV,EQ,N,1610.95,1577.75,1600.5,1581.0,1581.95,1600.5,404125,643555716.25,1741.0,1215.0,25954,INE918I01026,2024-01-20,2024-01-19T18:30:00.000Z,2024-01-20T15:05:38.871Z,2024-01-20T15:05:38.871Z,0,,1592.47,20-Jan-2024,
32,65afaa7ef8104146405a1e93,BAJAJFINSV,EQ,N,1615.25,1575.0,1597.45,1582.5,1581.1,1581.0,3028946,4820183887.05,1741.0,1215.0,152143,INE918I01026,2024-01-23,2024-01-22T18:30:00.000Z,2024-01-23T12:01:02.335Z,2024-01-23T12:01:02.335Z,0,,1591.37,23-Jan-2024,
33,65b0fbdf16e02b4d67f83ec0,BAJAJFINSV,EQ,N,1622.85,1578.35,1594.7,1620.85,1621.8,1582.5,1393463,2240591641.8,1741.0,1215.0,65204,INE918I01026,2024-01-24,2024-01-23T18:30:00.000Z,2024-01-24T12:00:31.149Z,2024-01-24T12:00:31.149Z,0,,1607.93,24-Jan-2024,
34,65b24d5fed15adb98be7d60c,BAJAJFINSV,EQ,N,1635.0,1613.7,1621.75,1630.15,1630.0,1620.85,1744604,2835979672.0,1741.0,1215.0,83335,INE918I01026,2024-01-25,2024-01-24T18:30:00.000Z,2024-01-25T12:00:31.881Z,2024-01-25T12:00:31.881Z,0,,1625.57,25-Jan-2024,
35,65b7937f828d6b352002b7e5,BAJAJFINSV,EQ,N,1641.6,1618.5,1630.0,1636.95,1637.0,1630.15,940220,1532915983.6,1741.0,1215.0,62714,INE918I01026,2024-01-29,2024-01-28T18:30:00.000Z,2024-01-29T12:01:03.427Z,2024-01-29T12:01:03.427Z,0,,1630.38,29-Jan-2024,
36,65b8e4dd828d6b3520111685,BAJAJFINSV,EQ,N,1629.0,1585.0,1629.0,1590.55,1591.1,1636.95,4851835,7772409055.65,1741.0,1215.0,235191,INE918I01026,2024-01-30,2024-01-29T18:30:00.000Z,2024-01-30T12:00:29.713Z,2024-01-30T12:00:29.713Z,0,,1601.95,30-Jan-2024,
37,65ba3665ae08d26e80aa88b2,BAJAJFINSV,EQ,N,1632.0,1585.0,1594.0,1627.3,1623.0,1590.55,1486444,2403567309.2,1741.0,1215.0,87780,INE918I01026,2024-01-31,2024-01-30T18:30:00.000Z,2024-01-31T12:00:37.154Z,2024-01-31T12:00:37.154Z,0,,1616.99,31-Jan-2024,
38,65bb87fe4e395d0fc998c561,BAJAJFINSV,EQ,N,1632.0,1613.0,1632.0,1622.25,1625.0,1627.3,1352416,2193585106.2,1741.0,1215.0,135341,INE918I01026,2024-02-01,2024-01-31T18:30:00.000Z,2024-02-01T12:01:02.491Z,2024-02-01T12:01:02.491Z,0,,1621.98,01-Feb-2024,
39,65bcd97e0f5bd530f2a2008f,BAJAJFINSV,EQ,N,1664.0,1626.7,1635.0,1651.5,1650.0,1622.25,1514648,2500349587.05,1741.0,1215.0,109232,INE918I01026,2024-02-02,2024-02-01T18:30:00.000Z,2024-02-02T12:01:02.793Z,2024-02-02T12:01:02.793Z,0,,1650.78,02-Feb-2024,
40,65c0cf2bab72646911a03221,BAJAJFINSV,EQ,N,1659.9,1608.55,1650.0,1614.9,1618.0,1651.5,2578535,4187904918.95,1741.0,1215.0,139387,INE918I01026,2024-02-05,2024-02-04T18:30:00.000Z,2024-02-05T12:06:03.998Z,2024-02-05T12:06:03.998Z,0,,1624.14,05-Feb-2024,
41,65c21f84982ac8e7199ce681,BAJAJFINSV,EQ,N,1626.8,1578.6,1626.8,1597.05,1600.0,1614.9,2376798,3795785061.75,1741.0,1215.0,176278,INE918I01026,2024-02-06,2024-02-05T18:30:00.000Z,2024-02-06T12:01:08.142Z,2024-02-06T12:01:08.142Z,0,,1597.02,06-Feb-2024,
42,65c370dd9e2fb5b3bd870e30,BAJAJFINSV,EQ,N,1623.75,1589.4,1609.0,1596.2,1594.85,1597.05,1477982,2366567880.4,1741.0,1215.0,68183,INE918I01026,2024-02-07,2024-02-06T18:30:00.000Z,2024-02-07T12:00:29.915Z,2024-02-07T12:00:29.915Z,0,,1601.22,07-Feb-2024,
43,65c4c25cc6253a0740166997,BAJAJFINSV,EQ,N,1607.95,1565.0,1607.95,1570.55,1576.95,1596.2,1486674,2344567971.5,1741.0,1215.0,114317,INE918I01026,2024-02-08,2024-02-07T18:30:00.000Z,2024-02-08T12:00:28.781Z,2024-02-08T12:00:28.781Z,0,,1577.06,08-Feb-2024,
44,65c613dd2ce7cc3ec0772f6f,BAJAJFINSV,EQ,N,1587.3,1562.7,1586.25,1570.95,1571.0,1570.55,1049368,1647980452.25,1741.0,1215.0,87019,INE918I01026,2024-02-09,2024-02-08T18:30:00.000Z,2024-02-09T12:00:29.627Z,2024-02-09T12:00:29.627Z,0,,1570.45,09-Feb-2024,
45,655c9bfee0f7393b3a788fa9,BAJAJFINSV,EQ,N,1616.45,1593.6,1593.8,1610.4,1607.0,1593.8,1714833,2753666721.15,1676.75,1215.0,74886,INE918I01026,2023-11-21,2023-11-20T18:30:00.000Z,2023-11-21T12:01:02.349Z,2023-11-21T12:01:02.349Z,0,,1605.79,21-Nov-2023,
46,655ded61c2070797de8350ce,BAJAJFINSV,EQ,N,1626.0,1602.5,1610.0,1623.9,1622.0,1610.4,807316,1306973388.1,1676.75,1215.0,38905,INE918I01026,2023-11-22,2023-11-21T18:30:00.000Z,2023-11-22T12:00:33.176Z,2023-11-22T12:00:33.176Z,0,,1618.91,22-Nov-2023,
47,655f3efe55ad237b659c7ff7,BAJAJFINSV,EQ,N,1636.85,1620.2,1623.9,1623.95,1625.25,1623.9,695592,1132395277.95,1676.75,1215.0,45408,INE918I01026,2023-11-23,2023-11-22T18:30:00.000Z,2023-11-23T12:01:02.220Z,2023-11-23T12:01:02.220Z,0,,1627.96,23-Nov-2023,
48,6560907e2ae99d7f07ea9b90,BAJAJFINSV,EQ,N,1628.95,1612.0,1624.45,1617.25,1615.0,1623.95,625345,1011964460.7,1676.75,1215.0,42845,INE918I01026,2023-11-24,2023-11-23T18:30:00.000Z,2023-11-24T12:01:02.677Z,2023-11-24T12:01:02.677Z,0,,1618.25,24-Nov-2023,
49,6565d65be9eecb1f95eeb6a7,BAJAJFINSV,EQ,N,1657.0,1617.5,1617.5,1654.4,1656.0,1617.25,1564478,2569579901.45,1676.75,1215.0,70089,INE918I01026,2023-11-28,2023-11-27T18:30:00.000Z,2023-11-28T12:00:27.396Z,2023-11-28T12:00:27.396Z,0,,1642.45,28-Nov-2023,
50,656727db63930729e13ee515,BAJAJFINSV,EQ,N,1665.0,1649.0,1660.0,1653.5,1650.5,1654.4,746796,1236167776.75,1676.75,1215.0,58780,INE918I01026,2023-11-29,2023-11-28T18:30:00.000Z,2023-11-29T12:00:27.254Z,2023-11-29T12:00:27.254Z,0,,1655.3,29-Nov-2023,
51,6568797e6b03706ca21125b1,BAJAJFINSV,EQ,N,1679.9,1644.55,1653.0,1673.5,1675.1,1653.5,1577522,2630288089.4,1679.9,1215.0,99281,INE918I01026,2023-11-30,2023-11-29T18:30:00.000Z,2023-11-30T12:01:02.886Z,2023-11-30T12:01:02.886Z,0,,1667.35,30-Nov-2023,
52,6569cadbad620f56b2e4ee71,BAJAJFINSV,EQ,N,1688.7,1669.95,1680.0,1685.95,1681.55,1673.5,1101136,1851512723.4,1688.7,1215.0,63027,INE918I01026,2023-12-01,2023-11-30T18:30:00.000Z,2023-12-01T12:00:27.731Z,2023-12-01T12:00:27.731Z,0,,1681.46,01-Dec-2023,
53,656dbf5de6239c09b6d2c8ca,BAJAJFINSV,EQ,N,1714.7,1685.9,1700.0,1696.25,1694.0,1685.95,1419178,2410773664.5,1714.7,1215.0,83011,INE918I01026,2023-12-04,2023-12-03T18:30:00.000Z,2023-12-04T12:00:29.942Z,2023-12-04T12:00:29.942Z,0,,1698.71,04-Dec-2023,
54,656f10e0bd2bdf9cd8995175,BAJAJFINSV,EQ,N,1713.4,1673.25,1696.3,1692.7,1695.4,1696.25,1778602,3011206144.0,1714.7,1215.0,112160,INE918I01026,2023-12-05,2023-12-04T18:30:00.000Z,2023-12-05T12:00:32.092Z,2023-12-05T12:00:32.092Z,0,,1693.02,05-Dec-2023,
55,6570625d29a97b4c362646cf,BAJAJFINSV,EQ,N,1710.0,1692.9,1701.0,1700.35,1698.65,1692.7,737176,1255035135.25,1714.7,1215.0,52757,INE918I01026,2023-12-06,2023-12-05T18:30:00.000Z,2023-12-06T12:00:29.399Z,2023-12-06T12:00:29.399Z,0,,1702.49,06-Dec-2023,
56,6571b3ffbf642029ec32e89b,BAJAJFINSV,EQ,N,1724.0,1690.0,1700.35,1704.05,1708.0,1700.35,941890,1609297161.5,1724.0,1215.0,72494,INE918I01026,2023-12-07,2023-12-06T18:30:00.000Z,2023-12-07T12:01:03.300Z,2023-12-07T12:01:03.300Z,0,,1708.58,07-Dec-2023,
57,6573055d571435efffcd1be0,BAJAJFINSV,EQ,N,1714.55,1692.5,1705.0,1710.15,1711.5,1704.05,1376050,2346995975.8,1724.0,1215.0,83531,INE918I01026,2023-12-08,2023-12-07T18:30:00.000Z,2023-12-08T12:00:29.760Z,2023-12-08T12:00:29.760Z,0,,1705.6,08-Dec-2023,
58,6576f9dc2e3c10226c097df5,BAJAJFINSV,EQ,N,1717.0,1698.25,1700.15,1702.8,1702.0,1710.15,1003371,1711563416.95,1724.0,1215.0,45131,INE918I01026,2023-12-11,2023-12-10T18:30:00.000Z,2023-12-11T12:00:28.275Z,2023-12-11T12:00:28.275Z,0,,1705.81,11-Dec-2023,
59,65784b5b2467cc7ad2098881,BAJAJFINSV,EQ,N,1719.75,1700.5,1704.8,1706.75,1703.0,1702.8,1390539,2374901263.9,1724.0,1215.0,85094,INE918I01026,2023-12-12,2023-12-11T18:30:00.000Z,2023-12-12T12:00:27.837Z,2023-12-12T12:00:27.837Z,0,,1707.9,12-Dec-2023,
60,65799cf15bf605bed606526e,BAJAJFINSV,EQ,N,1709.5,1668.2,1708.0,1684.55,1688.0,1706.75,1168629,1964499682.5,1724.0,1215.0,65731,INE918I01026,2023-12-13,2023-12-12T18:30:00.000Z,2023-12-13T12:00:49.749Z,2023-12-13T12:00:49.749Z,0,,1681.03,13-Dec-2023,
61,657aee7fe633965340d529b3,BAJAJFINSV,EQ,N,1733.9,1698.0,1700.0,1730.95,1725.1,1684.55,2130836,3676556463.8,1733.9,1215.0,114108,INE918I01026,2023-12-14,2023-12-13T18:30:00.000Z,2023-12-14T12:01:03.275Z,2023-12-14T12:01:03.275Z,0,,1725.41,14-Dec-2023,
62,657c3fdfa13817c72fddf825,BAJAJFINSV,EQ,N,1741.0,1718.75,1738.95,1733.15,1730.5,1730.95,1486079,2568348546.65,1741.0,1215.0,83408,INE918I01026,2023-12-15,2023-12-14T18:30:00.000Z,2023-12-15T12:00:31.035Z,2023-12-15T12:00:31.035Z,0,,1728.27,15-Dec-2023,
63,65803464045235bc47cc80b1,BAJAJFINSV,EQ,N,1738.55,1718.55,1732.65,1724.6,1719.05,1733.15,696124,1203499281.0,1741.0,1215.0,52372,INE918I01026,2023-12-18,2023-12-17T18:30:00.000Z,2023-12-18T12:00:36.954Z,2023-12-18T12:00:36.954Z,0,,1728.86,18-Dec-2023,
64,658185fed0095a416892b7a4,BAJAJFINSV,EQ,N,1726.55,1696.8,1725.0,1709.75,1710.05,1724.6,1214352,2074381603.1,1741.0,1215.0,67055,INE918I01026,2023-12-19,2023-12-18T18:30:00.000Z,2023-12-19T12:01:02.872Z,2023-12-19T12:01:02.872Z,0,,1708.22,19-Dec-2023,
65,6582d766e38289a0164fdc75,BAJAJFINSV,EQ,N,1741.0,1672.0,1715.7,1680.9,1675.2,1709.75,1540009,2639467286.55,1741.0,1215.0,90782,INE918I01026,2023-12-20,2023-12-19T18:30:00.000Z,2023-12-20T12:00:38.570Z,2023-12-20T12:00:38.570Z,0,,1713.93,20-Dec-2023,
66,658428dd3c00fc25647ef7d7,BAJAJFINSV,EQ,N,1681.8,1660.25,1663.0,1666.85,1671.95,1680.9,988034,1650742372.55,1741.0,1215.0,71394,INE918I01026,2023-12-21,2023-12-20T18:30:00.000Z,2023-12-21T12:00:29.157Z,2023-12-21T12:00:29.157Z,0,,1670.73,21-Dec-2023,
67,65857a7e8556570bd29b3081,BAJAJFINSV,EQ,N,1690.0,1663.6,1669.0,1672.05,1675.0,1666.85,1279614,2143806927.2,1741.0,1215.0,90260,INE918I01026,2023-12-22,2023-12-21T18:30:00.000Z,2023-12-22T12:01:02.120Z,2023-12-22T12:01:02.120Z,0,,1675.35,22-Dec-2023,
68,658ac07e2afa40971bcfcc45,BAJAJFINSV,EQ,N,1684.0,1637.05,1675.0,1645.3,1650.95,1672.05,1296291,2147686247.9,1741.0,1215.0,103687,INE918I01026,2023-12-26,2023-12-25T18:30:00.000Z,2023-12-26T12:01:02.410Z,2023-12-26T12:01:02.410Z,0,,1656.79,26-Dec-2023,
69,658c11ddf964ff32e77dc2c1,BAJAJFINSV,EQ,N,1674.05,1653.8,1657.0,1669.45,1670.2,1645.3,1181177,1966140802.45,1741.0,1215.0,84206,INE918I01026,2023-12-27,2023-12-26T18:30:00.000Z,2023-12-27T12:00:29.915Z,2023-12-27T12:00:29.915Z,0,,1664.56,27-Dec-2023,
70,658d635bfc7c264717dac278,BAJAJFINSV,EQ,N,1698.8,1667.2,1674.05,1681.2,1680.2,1669.45,1360425,2285712905.85,1741.0,1215.0,77880,INE918I01026,2023-12-28,2023-12-27T18:30:00.000Z,2023-12-28T12:00:27.201Z,2023-12-28T12:00:27.201Z,0,,1680.15,28-Dec-2023,
71,658eb4febc28d99b03074b51,BAJAJFINSV,EQ,N,1692.7,1674.6,1682.45,1685.8,1688.0,1681.2,738203,1243393227.95,1741.0,1215.0,55285,INE918I01026,2023-12-29,2023-12-28T18:30:00.000Z,2023-12-29T12:01:02.512Z,2023-12-29T12:01:02.512Z,0,,1684.35,29-Dec-2023,
72,6527dfdd3a61f2389d02916a,BAJAJFINSV,EQ,N,1642.95,1622.85,1637.0,1634.8,1632.8,1636.55,1052767,1719050735.75,1817.9,1215.0,58744,INE918I01026,2023-10-12,2023-10-11T18:30:00.000Z,2023-10-12T12:00:29.714Z,2023-10-12T12:00:29.714Z,0,,1632.89,12-Oct-2023,
73,6529315b7e06b7a5633d364e,BAJAJFINSV,EQ,N,1649.0,1620.0,1631.0,1646.55,1645.0,1634.8,1212989,1988362567.15,1817.9,1215.0,64248,INE918I01026,2023-10-13,2023-10-12T18:30:00.000Z,2023-10-13T12:00:27.671Z,2023-10-13T12:00:27.671Z,0,,1639.23,13-Oct-2023,
74,652d25fed35d2e3d668fc5fc,BAJAJFINSV,EQ,N,1649.4,1630.4,1644.0,1642.35,1639.05,1646.55,859548,1411726626.55,1817.9,1215.0,50294,INE918I01026,2023-10-16,2023-10-15T18:30:00.000Z,2023-10-16T12:01:02.882Z,2023-10-16T12:01:02.882Z,0,,1642.41,16-Oct-2023,
75,652e777eda51b11f693a7184,BAJAJFINSV,EQ,N,1676.75,1645.55,1649.9,1657.65,1658.2,1642.35,1689224,2801824668.8,1817.9,1215.0,78047,INE918I01026,2023-10-17,2023-10-16T18:30:00.000Z,2023-10-17T12:01:02.865Z,2023-10-17T12:01:02.865Z,0,,1658.65,17-Oct-2023,
76,652fc8fec21d30a67d2d31fd,BAJAJFINSV,EQ,N,1665.0,1622.05,1665.0,1628.2,1627.0,1657.65,1230439,2011003043.4,1817.9,1215.0,64035,INE918I01026,2023-10-18,2023-10-17T18:30:00.000Z,2023-10-18T12:01:02.586Z,2023-10-18T12:01:02.586Z,0,,1634.38,18-Oct-2023,
77,65311a7e959d595a4eae7f17,BAJAJFINSV,EQ,N,1642.95,1597.4,1625.0,1634.75,1629.3,1628.2,1429935,2317505599.9,1817.9,1215.0,85491,INE918I01026,2023-10-19,2023-10-18T18:30:00.000Z,2023-10-19T12:01:02.737Z,2023-10-19T12:01:02.737Z,0,,1620.71,19-Oct-2023,
78,65326bfee6836b64fac12f16,BAJAJFINSV,EQ,N,1639.75,1615.0,1627.8,1635.05,1636.0,1634.75,1191783,1942158853.75,1817.9,1215.0,58236,INE918I01026,2023-10-20,2023-10-19T18:30:00.000Z,2023-10-20T12:01:02.412Z,2023-10-20T12:01:02.412Z,0,,1629.62,20-Oct-2023,
79,6536607ea2df2de7c8028d95,BAJAJFINSV,EQ,N,1651.7,1605.5,1627.0,1613.15,1607.0,1635.05,1093182,1775559164.8,1817.9,1215.0,61688,INE918I01026,2023-10-23,2023-10-22T18:30:00.000Z,2023-10-23T12:01:02.555Z,2023-10-23T12:01:02.555Z,0,,1624.21,23-Oct-2023,
80,6539035ba0e6521fa7d3f218,BAJAJFINSV,EQ,N,1630.0,1598.85,1612.9,1611.45,1606.8,1613.15,1490405,2401609124.55,1817.9,1215.0,59882,INE918I01026,2023-10-25,2023-10-24T18:30:00.000Z,2023-10-25T12:00:27.250Z,2023-10-25T12:00:27.250Z,0,,1611.38,25-Oct-2023,
81,653a54fe30f66b36c534dcf0,BAJAJFINSV,EQ,N,1608.4,1552.0,1590.0,1560.0,1558.8,1611.45,1780025,2795425900.3,1817.9,1215.0,99300,INE918I01026,2023-10-26,2023-10-25T18:30:00.000Z,2023-10-26T12:01:02.994Z,2023-10-26T12:01:02.994Z,0,,1570.44,26-Oct-2023,
82,653ba67e6744ed752415b064,BAJAJFINSV,EQ,N,1593.25,1551.35,1575.6,1566.4,1567.0,1560.0,2003579,3149400440.1,1817.9,1215.0,86565,INE918I01026,2023-10-27,2023-10-26T18:30:00.000Z,2023-10-27T12:01:02.412Z,2023-10-27T12:01:02.412Z,0,,1571.89,27-Oct-2023,
83,653f9afea3f38096cbeff3a5,BAJAJFINSV,EQ,N,1571.1,1528.0,1568.9,1561.1,1560.0,1566.4,850025,1318663629.55,1817.9,1215.0,54834,INE918I01026,2023-10-30,2023-10-29T18:30:00.000Z,2023-10-30T12:01:02.124Z,2023-10-30T12:01:02.124Z,0,,1551.32,30-Oct-2023,
84,6540ec7e99b7affa0f2d5a84,BAJAJFINSV,EQ,N,1581.45,1552.4,1552.4,1569.55,1568.55,1561.1,1592788,2496858562.0,1817.9,1215.0,80801,INE918I01026,2023-10-31,2023-10-30T18:30:00.000Z,2023-10-31T12:01:02.770Z,2023-10-31T12:01:02.770Z,0,,1567.6,31-Oct-2023,
85,65423ddd61eb755b358127f1,BAJAJFINSV,EQ,N,1580.0,1565.0,1574.9,1572.85,1574.4,1569.55,770557,1212150547.6,1817.9,1215.0,40171,INE918I01026,2023-11-01,2023-10-31T18:30:00.000Z,2023-11-01T12:00:29.399Z,2023-11-01T12:00:29.399Z,0,,1573.08,01-Nov-2023,
86,65438f606824bc705faf1c83,BAJAJFINSV,EQ,N,1592.6,1566.1,1587.7,1575.6,1574.0,1572.85,1020303,1609371929.05,1817.9,1215.0,65647,INE918I01026,2023-11-02,2023-11-01T18:30:00.000Z,2023-11-02T12:00:32.189Z,2023-11-02T12:00:32.189Z,0,,1577.35,02-Nov-2023,
87,6544e0db9e3bca1b1a82380a,BAJAJFINSV,EQ,N,1593.65,1527.9,1584.25,1536.15,1531.05,1575.6,2519096,3935634481.7,1817.9,1215.0,70467,INE918I01026,2023-11-03,2023-11-02T18:30:00.000Z,2023-11-03T12:00:27.678Z,2023-11-03T12:00:27.678Z,0,,1562.32,03-Nov-2023,
88,6548d7ba8ac61b12f385c3d2,BAJAJFINSV,EQ,N,1566.0,1540.0,1547.0,1564.4,1562.0,1536.15,917415,1425139242.3,1817.9,1215.0,44191,INE918I01026,2023-11-06,2023-11-05T18:30:00.000Z,2023-11-06T12:10:34.220Z,2023-11-06T12:10:34.220Z,0,,1553.43,06-Nov-2023,
89,654a26ffca401968c09f3d5c,BAJAJFINSV,EQ,N,1607.8,1550.0,1602.0,1569.8,1569.9,1564.4,2532282,3977665996.95,1817.9,1215.0,108272,INE918I01026,2023-11-07,2023-11-06T18:30:00.000Z,2023-11-07T12:01:03.025Z,2023-11-07T12:01:03.025Z,0,,1570.78,07-Nov-2023,
90,654b78628835ac0ede21a5ba,BAJAJFINSV,EQ,N,1579.95,1559.2,1576.0,1575.5,1574.7,1569.8,831310,1305780665.65,1817.9,1215.0,44373,INE918I01026,2023-11-08,2023-11-07T18:30:00.000Z,2023-11-08T12:00:34.854Z,2023-11-08T12:00:34.854Z,0,,1570.75,08-Nov-2023,
91,654cc9db78fcb66214586893,BAJAJFINSV,EQ,N,1589.0,1569.0,1575.0,1582.25,1588.0,1575.5,1108425,1749585827.95,1817.9,1215.0,50758,INE918I01026,2023-11-09,2023-11-08T18:30:00.000Z,2023-11-09T12:00:27.382Z,2023-11-09T12:00:27.382Z,0,,1578.44,09-Nov-2023,
92,654e1b7e569fa1e53c8f7d88,BAJAJFINSV,EQ,N,1598.8,1572.65,1581.0,1596.0,1594.0,1582.25,672720,1069040443.5,1817.9,1215.0,34416,INE918I01026,2023-11-10,2023-11-09T18:30:00.000Z,2023-11-10T12:01:02.198Z,2023-11-10T12:01:02.198Z,0,,1589.13,10-Nov-2023,
93,6550ec6d5eddf35b8b97efb3,BAJAJFINSV,EQ,N,1607.0,1588.4,1606.0,1594.6,1595.0,1596.0,148384,237054364.7,1817.9,1215.0,11213,INE918I01026,2023-11-12,2023-11-11T18:30:00.000Z,2023-11-12T15:17:01.969Z,2023-11-12T15:17:01.969Z,0,,1597.57,12-Nov-2023,
94,65520ffe03e0ab3f548ef674,BAJAJFINSV,EQ,N,1597.95,1568.7,1594.6,1585.2,1585.05,1594.6,853825,1352912669.55,1735.0,1215.0,53808,INE918I01026,2023-11-13,2023-11-12T18:30:00.000Z,2023-11-13T12:01:02.353Z,2023-11-13T12:01:02.353Z,0,,1584.53,13-Nov-2023,
95,6554b2ddebf43376cfba2c6e,BAJAJFINSV,EQ,N,1615.0,1579.95,1600.0,1587.05,1586.2,1585.2,1684967,2689406254.75,1735.0,1215.0,75400,INE918I01026,2023-11-15,2023-11-14T18:30:00.000Z,2023-11-15T12:00:29.936Z,2023-11-15T12:00:29.936Z,0,,1596.12,15-Nov-2023,
96,6556047ffe9d8625499d35ec,BAJAJFINSV,EQ,N,1628.0,1539.05,1561.05,1620.65,1623.0,1587.05,3213352,5132171711.7,1735.0,1215.0,119177,INE918I01026,2023-11-16,2023-11-15T18:30:00.000Z,2023-11-16T12:01:03.065Z,2023-11-16T12:01:03.065Z,0,,1597.14,16-Nov-2023,
97,655755feba15dff83b493cf3,BAJAJFINSV,EQ,N,1620.65,1581.6,1593.05,1615.9,1613.05,1620.65,1783393,2864802652.5,1735.0,1215.0,69157,INE918I01026,2023-11-17,2023-11-16T18:30:00.000Z,2023-11-17T12:01:02.439Z,2023-11-17T12:01:02.439Z,0,,1606.38,17-Nov-2023,
98,655b4a7e7fbd5396f6225996,BAJAJFINSV,EQ,N,1616.55,1586.15,1611.9,1593.8,1596.0,1615.9,1256179,2005793591.7,1676.75,1215.0,53277,INE918I01026,2023-11-20,2023-11-19T18:30:00.000Z,2023-11-20T12:01:02.842Z,2023-11-20T12:01:02.842Z,0,,1596.74,20-Nov-2023,
99,655c9bfee0f7393b3a788fa9,BAJAJFINSV,EQ,N,1616.45,1593.6,1593.8,1610.4,1607.0,1593.8,1714833,2753666721.15,1676.75,1215.0,74886,INE918I01026,2023-11-21,2023-11-20T18:30:00.000Z,2023-11-21T12:01:02.349Z,2023-11-21T12:01:02.349Z,0,,1605.79,21-Nov-2023,
100,64f5c956c5c7d75876dc355a,BAJAJFINSV,EQ,N,1525.95,1506.05,1521.0,1510.1,1514.0,1514.5,685689,1037099893.9,17585.0,1215.0,41357,INE918I01026,2023-09-04,2023-09-03T18:30:00.000Z,2023-09-04T12:11:02.558Z,2023-09-04T12:11:02.558Z,0,,1512.49,04-Sep-2023,
101,64f7187e4597811962c9d813,BAJAJFINSV,EQ,N,1519.8,1506.0,1512.0,1510.45,1511.0,1510.1,1298151,1962284211.5,17585.0,1215.0,64470,INE918I01026,2023-09-05,2023-09-04T18:30:00.000Z,2023-09-05T12:01:02.893Z,2023-09-05T12:01:02.893Z,0,,1511.6,05-Sep-2023,
102,64f869ddbd4ee5a4ffc9523c,BAJAJFINSV,EQ,N,1522.45,1504.2,1510.95,1518.2,1519.0,1510.45,712220,1078017634.5,17585.0,1215.0,47369,INE918I01026,2023-09-06,2023-09-05T18:30:00.000Z,2023-09-06T12:00:29.476Z,2023-09-06T12:00:29.476Z,0,,1513.6,06-Sep-2023,
103,64f9bb7ef5e18c7fa1ee936b,BAJAJFINSV,EQ,N,1524.8,1510.1,1524.8,1519.55,1519.0,1518.2,647590,982246001.9,17585.0,1215.0,32142,INE918I01026,2023-09-07,2023-09-06T18:30:00.000Z,2023-09-07T12:01:02.370Z,2023-09-07T12:01:02.370Z,0,,1516.77,07-Sep-2023,
104,64fb0cff7a2bce9c73198ef8,BAJAJFINSV,EQ,N,1558.8,1525.05,1530.0,1541.0,1540.6,1519.55,2168354,3352774943.05,17585.0,1215.0,81536,INE918I01026,2023-09-08,2023-09-07T18:30:00.000Z,2023-09-08T12:01:03.147Z,2023-09-08T12:01:03.147Z,0,,1546.23,08-Sep-2023,
105,64ff015e9ae661ba70e57c0b,BAJAJFINSV,EQ,N,1552.0,1540.0,1549.5,1549.7,1550.0,1541.0,841557,1302485939.4,17420.0,1215.0,47854,INE918I01026,2023-09-11,2023-09-10T18:30:00.000Z,2023-09-11T12:00:30.024Z,2023-09-11T12:00:30.024Z,0,,1547.71,11-Sep-2023,
106,650052dd2ee2876c8ae288d4,BAJAJFINSV,EQ,N,1558.9,1527.65,1558.9,1542.45,1542.0,1549.7,1444688,2227548565.8,17420.0,1215.0,75998,INE918I01026,2023-09-12,2023-09-11T18:30:00.000Z,2023-09-12T12:00:29.646Z,2023-09-12T12:00:29.646Z,0,,1541.89,12-Sep-2023,
107,6501a45efe6ec3bc9d3e4a12,BAJAJFINSV,EQ,N,1565.05,1521.0,1542.0,1552.8,1550.25,1542.45,1193072,1841112557.3,17420.0,1215.0,54584,INE918I01026,2023-09-13,2023-09-12T18:30:00.000Z,2023-09-13T12:00:30.109Z,2023-09-13T12:00:30.109Z,0,,1543.17,13-Sep-2023,
108,6502f5dd27df462662ca5c8b,BAJAJFINSV,EQ,N,1563.6,1541.2,1556.95,1550.9,1548.5,1552.8,920905,1428556854.25,17420.0,1215.0,66029,INE918I01026,2023-09-14,2023-09-13T18:30:00.000Z,2023-09-14T12:00:29.716Z,2023-09-14T12:00:29.716Z,0,,1551.25,14-Sep-2023,
109,6504475d2478ca0e7abd1b44,BAJAJFINSV,EQ,N,1567.6,1531.3,1548.05,1538.1,1538.9,1550.9,3116428,4808514180.85,17420.0,1215.0,72428,INE918I01026,2023-09-15,2023-09-14T18:30:00.000Z,2023-09-15T12:00:29.273Z,2023-09-15T12:00:29.273Z,0,,1542.96,15-Sep-2023,
110,65083bfe21398656f86e2d7b,BAJAJFINSV,EQ,N,1565.35,1532.9,1538.1,1559.95,1557.85,1538.1,1403635,2180105068.0,1820.0,1215.0,67535,INE918I01026,2023-09-18,2023-09-17T18:30:00.000Z,2023-09-18T12:01:02.917Z,2023-09-18T12:01:02.917Z,0,,1553.19,18-Sep-2023,
111,650adefe5ae8760c8d1240d6,BAJAJFINSV,EQ,N,1568.2,1545.1,1554.9,1553.35,1556.0,1559.95,1076887,1673752650.7,1820.0,1215.0,63551,INE918I01026,2023-09-20,2023-09-19T18:30:00.000Z,2023-09-20T12:01:02.649Z,2023-09-20T12:01:02.649Z,0,,1554.25,20-Sep-2023,
112,650c307ef681a73439f7facf,BAJAJFINSV,EQ,N,1552.25,1514.0,1530.5,1526.2,1527.3,1553.35,1772341,2703691532.35,1820.0,1215.0,93734,INE918I01026,2023-09-21,2023-09-20T18:30:00.000Z,2023-09-21T12:01:02.825Z,2023-09-21T12:01:02.825Z,0,,1525.49,21-Sep-2023,
113,650d81fef5c81ccb177c5217,BAJAJFINSV,EQ,N,1551.0,1524.9,1528.0,1543.7,1541.0,1526.2,1321743,2040207446.6,1820.0,1215.0,64271,INE918I01026,2023-09-22,2023-09-21T18:30:00.000Z,2023-09-22T12:01:02.283Z,2023-09-22T12:01:02.283Z,0,,1543.57,22-Sep-2023,
114,6511767e6f2c0a1b4b1258e3,BAJAJFINSV,EQ,N,1591.0,1546.7,1549.7,1577.4,1574.15,1543.7,2962182,4679519953.95,1817.9,1215.0,121028,INE918I01026,2023-09-25,2023-09-24T18:30:00.000Z,2023-09-25T12:01:02.150Z,2023-09-25T12:01:02.150Z,0,,1579.75,25-Sep-2023,
115,6512c7dbe09fff583748565f,BAJAJFINSV,EQ,N,1583.0,1551.0,1583.0,1567.7,1565.0,1577.4,2472382,3878073846.9,1817.9,1215.0,83001,INE918I01026,2023-09-26,2023-09-25T18:30:00.000Z,2023-09-26T12:00:27.946Z,2023-09-26T12:00:27.946Z,0,,1568.56,26-Sep-2023,
116,6514195da2aafd6ad4b52544,BAJAJFINSV,EQ,N,1570.0,1554.2,1567.7,1565.75,1565.0,1567.7,964400,1507017580.55,1817.9,1215.0,47092,INE918I01026,2023-09-27,2023-09-26T18:30:00.000Z,2023-09-27T12:00:29.999Z,2023-09-27T12:00:29.999Z,0,,1562.65,27-Sep-2023,
117,65156add82b3fd3efb42e2b8,BAJAJFINSV,EQ,N,1574.95,1535.05,1565.0,1539.7,1538.0,1565.75,831496,1288660424.55,1817.9,1215.0,47855,INE918I01026,2023-09-28,2023-09-27T18:30:00.000Z,2023-09-28T12:00:29.696Z,2023-09-28T12:00:29.696Z,0,,1549.81,28-Sep-2023,
118,6516bc7e71dfda05227eeaed,BAJAJFINSV,EQ,N,1552.95,1532.05,1548.0,1540.25,1539.0,1539.7,1109857,1714032889.65,1817.9,1215.0,53826,INE918I01026,2023-09-29,2023-09-28T18:30:00.000Z,2023-09-29T12:01:02.529Z,2023-09-29T12:01:02.529Z,0,,1544.37,29-Sep-2023,
119,651c025d1be9dfb0191fb917,BAJAJFINSV,EQ,N,1564.2,1527.0,1530.25,1561.05,1560.8,1540.25,1083086,1678090441.4,1817.9,1215.0,60723,INE918I01026,2023-10-03,2023-10-02T18:30:00.000Z,2023-10-03T12:00:29.604Z,2023-10-03T12:00:29.604Z,0,,1549.36,03-Oct-2023,
120,651d53db7c3b46193f820e8e,BAJAJFINSV,EQ,N,1555.85,1521.15,1555.0,1532.55,1530.3,1561.05,1614123,2474036281.5,1817.9,1215.0,65858,INE918I01026,2023-10-04,2023-10-03T18:30:00.000Z,2023-10-04T12:00:27.763Z,2023-10-04T12:00:27.763Z,0,,1532.74,04-Oct-2023,
121,651ea55de5feb020ec2043cc,BAJAJFINSV,EQ,N,1556.0,1532.3,1540.0,1542.55,1544.0,1532.55,1153064,1781490155.25,1817.9,1215.0,69354,INE918I01026,2023-10-05,2023-10-04T18:30:00.000Z,2023-10-05T12:00:29.169Z,2023-10-05T12:00:29.169Z,0,,1545.01,05-Oct-2023,
122,651ff6ff23d5cab0dd37e552,BAJAJFINSV,EQ,N,1640.7,1551.05,1559.35,1634.65,1629.0,1542.55,7384628,11872284060.85,1817.9,1215.0,215357,INE918I01026,2023-10-06,2023-10-05T18:30:00.000Z,2023-10-06T12:01:03.035Z,2023-10-06T12:01:03.035Z,0,,1607.7,06-Oct-2023,
123,6523eb5d48a89b0f72d54499,BAJAJFINSV,EQ,N,1628.0,1606.6,1617.15,1621.55,1615.9,1634.65,1712235,2767627239.5,1817.9,1215.0,79859,INE918I01026,2023-10-09,2023-10-08T18:30:00.000Z,2023-10-09T12:00:29.506Z,2023-10-09T12:00:29.506Z,0,,1616.38,09-Oct-2023,
124,65253cfe84944aaf7690627d,BAJAJFINSV,EQ,N,1643.95,1617.0,1630.0,1633.1,1632.65,1621.55,1453653,2372183602.1,1817.9,1215.0,86893,INE918I01026,2023-10-10,2023-10-09T18:30:00.000Z,2023-10-10T12:01:02.825Z,2023-10-10T12:01:02.825Z,0,,1631.88,10-Oct-2023,
125,65268e7e4e688d14b41d4a8e,BAJAJFINSV,EQ,N,1650.95,1633.5,1641.4,1636.55,1635.4,1633.1,952433,1563580658.4,1817.9,1215.0,50754,INE918I01026,2023-10-11,2023-10-10T18:30:00.000Z,2023-10-11T12:01:02.625Z,2023-10-11T12:01:02.625Z,0,,1641.67,11-Oct-2023,
126,6527dfdd3a61f2389d02916a,BAJAJFINSV,EQ,N,1642.95,1622.85,1637.0,1634.8,1632.8,1636.55,1052767,1719050735.75,1817.9,1215.0,58744,INE918I01026,2023-10-12,2023-10-11T18:30:00.000Z,2023-10-12T12:00:29.714Z,2023-10-12T12:00:29.714Z,0,,1632.89,12-Oct-2023,
127,64be67fee519160007005609,BAJAJFINSV,EQ,N,1660.0,1622.0,1630.0,1657.5,1653.0,1632.85,1455663,2400397719.55,17845.0,1215.0,64103,INE918I01026,2023-07-24,2023-07-23T18:30:00.000Z,2023-07-24T12:01:02.497Z,2023-07-24T12:01:02.497Z,0,,1649.01,24-Jul-2023,
128,64bfb97e0c138e0007f4044f,BAJAJFINSV,EQ,N,1664.9,1635.05,1664.9,1648.85,1649.0,1657.5,1378736,2272042926.1,17845.0,1215.0,78081,INE918I01026,2023-07-25,2023-07-24T18:30:00.000Z,2023-07-25T12:01:02.721Z,2023-07-25T12:01:02.721Z,0,,1647.92,25-Jul-2023,
129,64c10afe9ed6cc000754c286,BAJAJFINSV,EQ,N,1664.9,1618.05,1649.4,1626.45,1626.3,1648.85,2225230,3643411596.1,17845.0,1215.0,80926,INE918I01026,2023-07-26,2023-07-25T18:30:00.000Z,2023-07-26T12:01:02.358Z,2023-07-26T12:01:02.358Z,0,,1637.32,26-Jul-2023,
130,64c25c7e182f900007f53663,BAJAJFINSV,EQ,N,1662.7,1602.0,1641.5,1614.55,1616.0,1626.45,3402069,5566611544.05,17845.0,1215.0,148442,INE918I01026,2023-07-27,2023-07-26T18:30:00.000Z,2023-07-27T12:01:02.612Z,2023-07-27T12:01:02.612Z,0,,1636.24,27-Jul-2023,
131,64c3adfe2611ab00072f45fb,BAJAJFINSV,EQ,N,1630.0,1568.4,1625.0,1584.85,1582.85,1614.55,3285744,5206145129.15,17845.0,1215.0,112056,INE918I01026,2023-07-28,2023-07-27T18:30:00.000Z,2023-07-28T12:01:02.425Z,2023-07-28T12:01:02.425Z,0,,1584.46,28-Jul-2023,
132,64c7a27e58408d0007059afe,BAJAJFINSV,EQ,N,1602.8,1565.8,1565.8,1598.3,1595.0,1584.85,1323373,2107805538.0,17845.0,1215.0,62833,INE918I01026,2023-07-31,2023-07-30T18:30:00.000Z,2023-07-31T12:01:02.572Z,2023-07-31T12:01:02.572Z,0,,1592.75,31-Jul-2023,
133,64c8f3fea483e90006b4ef2d,BAJAJFINSV,EQ,N,1599.95,1569.65,1598.3,1572.35,1573.0,1598.3,1641917,2593918496.7,17845.0,1215.0,91082,INE918I01026,2023-08-01,2023-07-31T18:30:00.000Z,2023-08-01T12:01:02.316Z,2023-08-01T12:01:02.316Z,0,,1579.81,01-Aug-2023,
134,64ca457e1adbb90007bd84b9,BAJAJFINSV,EQ,N,1572.35,1524.0,1572.0,1527.0,1524.9,1572.35,2170178,3339884257.1,17845.0,1215.0,112705,INE918I01026,2023-08-02,2023-08-01T18:30:00.000Z,2023-08-02T12:01:02.589Z,2023-08-02T12:01:02.589Z,0,,1538.99,02-Aug-2023,
135,64cb96feaa61c7000746d526,BAJAJFINSV,EQ,N,1522.9,1477.8,1522.9,1493.65,1491.05,1527.0,2785017,4180552627.15,17845.0,1215.0,116742,INE918I01026,2023-08-03,2023-08-02T18:30:00.000Z,2023-08-03T12:01:02.931Z,2023-08-03T12:01:02.931Z,0,,1501.09,03-Aug-2023,
136,64cce87e72897000075c193d,BAJAJFINSV,EQ,N,1507.35,1470.75,1501.95,1486.3,1485.35,1493.65,2703607,4013788617.0,17845.0,1215.0,102304,INE918I01026,2023-08-04,2023-08-03T18:30:00.000Z,2023-08-04T12:01:02.717Z,2023-08-04T12:01:02.717Z,0,,1484.61,04-Aug-2023,
137,64d0dcfe894f76000797eb6b,BAJAJFINSV,EQ,N,1512.25,1485.0,1498.0,1508.4,1509.55,1486.3,1228780,1844220103.25,17845.0,1215.0,57351,INE918I01026,2023-08-07,2023-08-06T18:30:00.000Z,2023-08-07T12:01:02.198Z,2023-08-07T12:01:02.198Z,0,,1500.85,07-Aug-2023,
138,64d22e7ed81ef80007d0cb39,BAJAJFINSV,EQ,N,1520.3,1492.9,1509.5,1515.75,1519.5,1508.4,1409271,2126520558.7,17845.0,1215.0,68474,INE918I01026,2023-08-08,2023-08-07T18:30:00.000Z,2023-08-08T12:01:02.821Z,2023-08-08T12:01:02.821Z,0,,1508.95,08-Aug-2023,
139,64d37ffe9053d900069e5273,BAJAJFINSV,EQ,N,1529.75,1505.0,1525.0,1516.6,1512.2,1515.75,1065831,1614007140.6,17845.0,1215.0,50885,INE918I01026,2023-08-09,2023-08-08T18:30:00.000Z,2023-08-09T12:01:02.234Z,2023-08-09T12:01:02.234Z,0,,1514.32,09-Aug-2023,
140,64d4d1baf9992d00073fe48b,BAJAJFINSV,EQ,N,1529.75,1505.1,1512.55,1519.4,1523.0,1516.6,900666,1367914712.8,17845.0,1215.0,50545,INE918I01026,2023-08-10,2023-08-09T18:30:00.000Z,2023-08-10T12:02:02.976Z,2023-08-10T12:02:02.976Z,0,,1518.78,10-Aug-2023,
141,64d622fed81ef80007d0d80e,BAJAJFINSV,EQ,N,1521.8,1497.65,1518.95,1504.0,1500.0,1519.4,792201,1198154361.25,17845.0,1215.0,45496,INE918I01026,2023-08-11,2023-08-10T18:30:00.000Z,2023-08-11T12:01:02.513Z,2023-08-11T12:01:02.513Z,0,,1512.44,11-Aug-2023,
142,64df128a41160c444db6c7bd,BAJAJFINSV,EQ,N,1497.95,1467.05,1496.0,1482.05,1478.0,1504.0,1549409,2292755385.85,17845.0,1215.0,98095,INE918I01026,2023-08-14,2023-08-13T18:30:00.000Z,2023-08-18T06:41:14.226Z,2023-08-18T06:41:14.226Z,0,,1479.76,14-Aug-2023,
143,64df127b41160c444db6b2ba,BAJAJFINSV,EQ,N,1482.0,1463.0,1482.0,1469.85,1469.9,1482.05,834135,1224988432.05,17845.0,1215.0,41274,INE918I01026,2023-08-16,2023-08-15T18:30:00.000Z,2023-08-18T06:40:59.213Z,2023-08-18T06:40:59.213Z,0,,1468.57,16-Aug-2023,
144,64df128441160c444db6bccb,BAJAJFINSV,EQ,N,1480.0,1465.4,1473.0,1476.85,1476.5,1469.85,1048714,1546198065.6,17845.0,1215.0,76192,INE918I01026,2023-08-17,2023-08-16T18:30:00.000Z,2023-08-18T06:41:08.780Z,2023-08-18T06:41:08.780Z,0,,1474.38,17-Aug-2023,
145,64df5d6041160c444db6f870,BAJAJFINSV,EQ,N,1478.3,1456.0,1470.0,1460.15,1459.35,1476.85,1053734,1542431483.05,17845.0,1215.0,74077,INE918I01026,2023-08-18,2023-08-17T18:30:00.000Z,2023-08-18T12:00:32.461Z,2023-08-18T12:00:32.461Z,0,,1463.78,18-Aug-2023,
146,64e351feb8271e3cd4679450,BAJAJFINSV,EQ,N,1484.5,1451.0,1455.0,1478.3,1477.0,1460.15,1498685,2205864431.9,17845.0,1215.0,75910,INE918I01026,2023-08-21,2023-08-20T18:30:00.000Z,2023-08-21T12:01:02.143Z,2023-08-21T12:01:02.143Z,0,,1471.87,21-Aug-2023,
147,64e4a37e1438f93236e29f99,BAJAJFINSV,EQ,N,1494.0,1464.35,1485.0,1467.8,1468.5,1478.3,1557523,2302629497.35,17845.0,1215.0,66110,INE918I01026,2023-08-22,2023-08-21T18:30:00.000Z,2023-08-22T12:01:02.404Z,2023-08-22T12:01:02.404Z,0,,1478.39,22-Aug-2023,
148,64e5f4fe61b47d14d9870362,BAJAJFINSV,EQ,N,1474.0,1458.05,1474.0,1470.1,1470.75,1467.8,961649,1410537838.9,17845.0,1215.0,53577,INE918I01026,2023-08-23,2023-08-22T18:30:00.000Z,2023-08-23T12:01:02.622Z,2023-08-23T12:01:02.622Z,0,,1466.79,23-Aug-2023,
149,64e7467e3b376a41b5d288bb,BAJAJFINSV,EQ,N,1492.0,1465.0,1480.0,1468.6,1467.0,1470.1,847606,1254650374.4,17845.0,1215.0,48507,INE918I01026,2023-08-24,2023-08-23T18:30:00.000Z,2023-08-24T12:01:02.034Z,2023-08-24T12:01:02.034Z,0,,1480.23,24-Aug-2023,
150,64e897fe3b376a41b5d2b3ff,BAJAJFINSV,EQ,N,1509.5,1465.65,1468.6,1503.9,1504.0,1468.6,3624097,5411583910.85,17845.0,1215.0,97534,INE918I01026,2023-08-25,2023-08-24T18:30:00.000Z,2023-08-25T12:01:02.115Z,2023-08-25T12:01:02.115Z,0,,1493.22,25-Aug-2023,
151,64ec8c7e8445c76619b69d35,BAJAJFINSV,EQ,N,1514.0,1487.0,1513.5,1499.9,1498.0,1503.9,1066459,1596956674.55,17845.0,1215.0,49254,INE918I01026,2023-08-28,2023-08-27T18:30:00.000Z,2023-08-28T12:01:02.716Z,2023-08-28T12:01:02.716Z,0,,1497.44,28-Aug-2023,
152,64edddfe8445c76619b6c67b,BAJAJFINSV,EQ,N,1514.0,1497.25,1509.85,1503.45,1506.95,1499.9,1377001,2070727533.9,17845.0,1215.0,52732,INE918I01026,2023-08-29,2023-08-28T18:30:00.000Z,2023-08-29T12:01:02.374Z,2023-08-29T12:01:02.374Z,0,,1503.8,29-Aug-2023,
153,64ef2f5d630eae06b1abe50d,BAJAJFINSV,EQ,N,1518.85,1499.0,1510.0,1501.5,1499.6,1503.45,700372,1058190217.75,17845.0,1215.0,40305,INE918I01026,2023-08-30,2023-08-29T18:30:00.000Z,2023-08-30T12:00:29.854Z,2023-08-30T12:00:29.854Z,0,,1510.9,30-Aug-2023,
154,64f080db8dcd52615a18bab1,BAJAJFINSV,EQ,N,1507.8,1480.2,1501.05,1488.9,1490.35,1501.5,1542837,2304504583.0,17845.0,1215.0,61042,INE918I01026,2023-08-31,2023-08-30T18:30:00.000Z,2023-08-31T12:00:27.840Z,2023-08-31T12:00:27.840Z,0,,1493.68,31-Aug-2023,
155,64f1d2eacfba990d9473b014,BAJAJFINSV,EQ,N,1518.7,1487.35,1494.0,1514.5,1514.0,1488.9,904596,1362194407.35,17845.0,1215.0,55524,INE918I01026,2023-09-01,2023-08-31T18:30:00.000Z,2023-09-01T12:02:50.767Z,2023-09-01T12:02:50.767Z,0,,1505.86,01-Sep-2023,
156,6489abfeef203700071fee64,BAJAJFINSV,EQ,N,1491.9,1469.0,1490.0,1480.4,1481.0,1486.2,763762,1128218960.7,17845.0,1215.0,35888,INE918I01026,2023-06-14,2023-06-13T18:30:00.000Z,2023-06-14T12:01:02.178Z,2023-06-14T12:01:02.178Z,0,,1477.19,14-Jun-2023,
157,648afd7ee001070007b96d06,BAJAJFINSV,EQ,N,1482.0,1469.6,1479.95,1474.7,1472.0,1480.4,853566,1259480533.45,17845.0,1215.0,45900,INE918I01026,2023-06-15,2023-06-14T18:30:00.000Z,2023-06-15T12:01:02.505Z,2023-06-15T12:01:02.505Z,0,,1475.55,15-Jun-2023,
158,648c4efe826cb200066b730e,BAJAJFINSV,EQ,N,1515.0,1474.7,1479.0,1508.6,1509.65,1474.7,2090874,3141935619.85,17845.0,1215.0,76338,INE918I01026,2023-06-16,2023-06-15T18:30:00.000Z,2023-06-16T12:01:02.635Z,2023-06-16T12:01:02.635Z,0,,1502.69,16-Jun-2023,
159,6490437ee2783a00078babe1,BAJAJFINSV,EQ,N,1553.3,1516.65,1522.95,1541.95,1540.15,1508.6,3446484,5296266831.95,17845.0,1215.0,113759,INE918I01026,2023-06-19,2023-06-18T18:30:00.000Z,2023-06-19T12:01:02.351Z,2023-06-19T12:01:02.351Z,0,,1536.72,19-Jun-2023,
160,649194e0cba4890007b69024,BAJAJFINSV,EQ,N,1543.2,1502.15,1543.2,1521.05,1523.0,1541.95,1943763,2947567250.95,17845.0,1215.0,87052,INE918I01026,2023-06-20,2023-06-19T18:30:00.000Z,2023-06-20T12:00:32.311Z,2023-06-20T12:00:32.311Z,0,,1516.42,20-Jun-2023,
161,6492e67eeff1a80007e0163c,BAJAJFINSV,EQ,N,1535.0,1513.25,1525.9,1519.25,1520.0,1521.05,799052,1216492261.4,17845.0,1215.0,42525,INE918I01026,2023-06-21,2023-06-20T18:30:00.000Z,2023-06-21T12:01:02.507Z,2023-06-21T12:01:02.507Z,0,,1522.42,21-Jun-2023,
162,649437e05c29720007f670f0,BAJAJFINSV,EQ,N,1527.2,1504.85,1523.0,1507.65,1507.55,1519.25,966522,1464223646.4,17845.0,1215.0,42597,INE918I01026,2023-06-22,2023-06-21T18:30:00.000Z,2023-06-22T12:00:32.246Z,2023-06-22T12:00:32.246Z,0,,1514.94,22-Jun-2023,
163,6495896228d6ae0007118751,BAJAJFINSV,EQ,N,1519.7,1483.95,1507.5,1501.95,1501.75,1507.65,1237464,1859370110.15,17845.0,1215.0,57476,INE918I01026,2023-06-23,2023-06-22T18:30:00.000Z,2023-06-23T12:00:34.324Z,2023-06-23T12:00:34.324Z,0,,1502.57,23-Jun-2023,
164,64997de020257400068acd48,BAJAJFINSV,EQ,N,1510.85,1487.2,1504.45,1507.55,1508.5,1501.95,647496,973605179.7,17845.0,1215.0,41523,INE918I01026,2023-06-26,2023-06-25T18:30:00.000Z,2023-06-26T12:00:32.407Z,2023-06-26T12:00:32.407Z,0,,1503.65,26-Jun-2023,
165,649acf7eb99c43000745243b,BAJAJFINSV,EQ,N,1527.35,1503.0,1512.0,1522.95,1524.3,1507.55,763062,1156153593.15,17845.0,1215.0,39321,INE918I01026,2023-06-27,2023-06-26T18:30:00.000Z,2023-06-27T12:01:02.232Z,2023-06-27T12:01:02.232Z,0,,1515.15,27-Jun-2023,
166,649c20fe713d9600063893a4,BAJAJFINSV,EQ,N,1535.0,1515.8,1530.0,1518.85,1520.65,1522.95,1158136,1766562286.0,17845.0,1215.0,63483,INE918I01026,2023-06-28,2023-06-27T18:30:00.000Z,2023-06-28T12:01:02.190Z,2023-06-28T12:01:02.190Z,0,,1525.35,28-Jun-2023,
167,649ec3dba23ed6000770ea2a,BAJAJFINSV,EQ,N,1536.6,1519.0,1521.0,1528.0,1527.0,1518.85,934639,1427649615.0,17845.0,1215.0,55463,INE918I01026,2023-06-30,2023-06-29T18:30:00.000Z,2023-06-30T12:00:27.802Z,2023-06-30T12:00:27.802Z,0,,1527.49,30-Jun-2023,"[{'symbol': 'BAJAJFINSV', 'series': 'EQ', 'ind': '-', 'faceVal': '1', 'subject': 'Dividend - Rs 0.80 Per Share', 'exDate': '30-Jun-2023', 'recDate': '30-Jun-2023', 'bcStartDate': '-', 'bcEndDate': '-', 'ndStartDate': '-', 'comp': 'Bajaj Finserv Limited', 'isin': 'INE918I01018', 'ndEndDate': '-', 'caBroadcastDate': None}]"
168,64a2b8628ccd860007cfb7dd,BAJAJFINSV,EQ,N,1544.5,1526.6,1528.0,1540.1,1540.0,1528.0,1068533,1641270208.85,17845.0,1215.0,53576,INE918I01026,2023-07-03,2023-07-02T18:30:00.000Z,2023-07-03T12:00:34.873Z,2023-07-03T12:00:34.873Z,0,,1536.0,03-Jul-2023,
169,64a409e0f603a50007b549a3,BAJAJFINSV,EQ,N,1634.95,1565.1,1565.1,1629.5,1628.0,1540.1,7337423,11888002676.15,17845.0,1215.0,245206,INE918I01026,2023-07-04,2023-07-03T18:30:00.000Z,2023-07-04T12:00:32.391Z,2023-07-04T12:00:32.391Z,0,,1620.19,04-Jul-2023,
170,64a55b7e2ee820000738973a,BAJAJFINSV,EQ,N,1642.0,1607.55,1631.0,1613.7,1615.5,1629.5,2006206,3250590864.95,17845.0,1215.0,91562,INE918I01026,2023-07-05,2023-07-04T18:30:00.000Z,2023-07-05T12:01:02.400Z,2023-07-05T12:01:02.400Z,0,,1620.27,05-Jul-2023,
171,64a6acfeb18d82000702f35f,BAJAJFINSV,EQ,N,1624.0,1607.0,1615.05,1619.9,1618.8,1613.7,937466,1516875079.45,17845.0,1215.0,49481,INE918I01026,2023-07-06,2023-07-05T18:30:00.000Z,2023-07-06T12:01:02.428Z,2023-07-06T12:01:02.428Z,0,,1618.06,06-Jul-2023,
172,64a7fe7ed9a0b50007a247e2,BAJAJFINSV,EQ,N,1626.65,1605.4,1611.85,1614.9,1612.05,1619.9,1456642,2349769568.55,17845.0,1215.0,81382,INE918I01026,2023-07-07,2023-07-06T18:30:00.000Z,2023-07-07T12:01:02.319Z,2023-07-07T12:01:02.319Z,0,,1613.14,07-Jul-2023,
173,64abf33a695dd50007a15212,BAJAJFINSV,EQ,N,1622.0,1579.75,1611.95,1597.8,1600.0,1614.9,1731894,2768678153.9,17845.0,1215.0,90879,INE918I01026,2023-07-10,2023-07-09T18:30:00.000Z,2023-07-10T12:02:02.934Z,2023-07-10T12:02:02.934Z,0,,1598.64,10-Jul-2023,
174,64ad447eb4918d00074d18d6,BAJAJFINSV,EQ,N,1632.0,1587.9,1598.0,1592.4,1590.0,1597.8,1500679,2415357454.6,17845.0,1215.0,85053,INE918I01026,2023-07-11,2023-07-10T18:30:00.000Z,2023-07-11T12:01:02.450Z,2023-07-11T12:01:02.450Z,0,,1609.51,11-Jul-2023,
175,64ae95feec1adc0006c41d59,BAJAJFINSV,EQ,N,1605.1,1581.25,1595.65,1593.2,1591.05,1592.4,1281286,2040197168.3,17845.0,1215.0,63168,INE918I01026,2023-07-12,2023-07-11T18:30:00.000Z,2023-07-12T12:01:02.480Z,2023-07-12T12:01:02.480Z,0,,1592.3,12-Jul-2023,
176,64afe77df8ef630006684b50,BAJAJFINSV,EQ,N,1625.0,1595.0,1595.0,1615.1,1619.0,1593.2,1136620,1833881268.15,17845.0,1215.0,57148,INE918I01026,2023-07-13,2023-07-12T18:30:00.000Z,2023-07-13T12:01:02.005Z,2023-07-13T12:01:02.005Z,0,,1613.45,13-Jul-2023,
177,64b138e2c3896b0007333cb0,BAJAJFINSV,EQ,N,1635.0,1604.25,1623.15,1614.2,1612.85,1615.1,1088010,1757504987.95,17845.0,1215.0,53362,INE918I01026,2023-07-14,2023-07-13T18:30:00.000Z,2023-07-14T12:00:34.257Z,2023-07-14T12:00:34.257Z,0,,1615.34,14-Jul-2023,
178,64b52d7e24c4f70007ae1b7d,BAJAJFINSV,EQ,N,1621.95,1603.0,1620.0,1610.25,1609.8,1614.2,823296,1326260576.1,17845.0,1215.0,46715,INE918I01026,2023-07-17,2023-07-16T18:30:00.000Z,2023-07-17T12:01:02.471Z,2023-07-17T12:01:02.471Z,0,,1610.92,17-Jul-2023,
179,64b67efede8e450007cb3cd3,BAJAJFINSV,EQ,N,1625.0,1602.0,1618.35,1618.3,1616.65,1610.25,2077115,3355418342.9,17845.0,1215.0,101087,INE918I01026,2023-07-18,2023-07-17T18:30:00.000Z,2023-07-18T12:01:02.581Z,2023-07-18T12:01:02.581Z,0,,1615.42,18-Jul-2023,
180,64b7d064bf2c6a00074c4bae,BAJAJFINSV,EQ,N,1649.8,1614.0,1618.3,1644.1,1649.0,1618.3,1920501,3138154446.2,17845.0,1215.0,70085,INE918I01026,2023-07-19,2023-07-18T18:30:00.000Z,2023-07-19T12:00:36.640Z,2023-07-19T12:00:36.640Z,0,,1634.03,19-Jul-2023,
181,64b921fe714ec0000765444c,BAJAJFINSV,EQ,N,1658.25,1625.0,1650.9,1635.8,1634.0,1644.1,1159938,1899491482.05,17845.0,1215.0,53477,INE918I01026,2023-07-20,2023-07-19T18:30:00.000Z,2023-07-20T12:01:02.438Z,2023-07-20T12:01:02.438Z,0,,1637.58,20-Jul-2023,
182,64ba73608ed60e0007a18528,BAJAJFINSV,EQ,N,1645.0,1620.3,1633.0,1632.85,1630.5,1635.8,1149031,1876736736.3,17845.0,1215.0,51980,INE918I01026,2023-07-21,2023-07-20T18:30:00.000Z,2023-07-21T12:00:32.757Z,2023-07-21T12:00:32.757Z,0,,1633.32,21-Jul-2023,
183,64be67fee519160007005609,BAJAJFINSV,EQ,N,1660.0,1622.0,1630.0,1657.5,1653.0,1632.85,1455663,2400397719.55,17845.0,1215.0,64103,INE918I01026,2023-07-24,2023-07-23T18:30:00.000Z,2023-07-24T12:01:02.497Z,2023-07-24T12:01:02.497Z,0,,1649.01,24-Jul-2023,
184,6454efe1dbc6070007777bdf,BAJAJFINSV,EQ,N,1394.0,1355.4,1371.5,1359.25,1359.65,1374.45,2572062,3540395133.55,17845.0,1215.0,96963,INE918I01026,2023-05-05,2023-05-04T18:30:00.000Z,2023-05-05T12:00:33.176Z,2023-05-05T12:00:33.176Z,0,,1376.48,05-May-2023,
185,6458e47e7a898b0007188c06,BAJAJFINSV,EQ,N,1410.8,1363.1,1367.8,1404.8,1404.0,1359.25,2912772,4070750924.5,17845.0,1215.0,131394,INE918I01026,2023-05-08,2023-05-07T18:30:00.000Z,2023-05-08T12:01:02.210Z,2023-05-08T12:01:02.210Z,0,,1397.55,08-May-2023,
186,645a35feab232d0007300746,BAJAJFINSV,EQ,N,1446.7,1402.5,1410.95,1408.7,1409.5,1404.8,3772745,5378408920.3,17845.0,1215.0,127134,INE918I01026,2023-05-09,2023-05-08T18:30:00.000Z,2023-05-09T12:01:02.425Z,2023-05-09T12:01:02.425Z,0,,1425.6,09-May-2023,
187,645b877e882d4c00072efaa0,BAJAJFINSV,EQ,N,1420.85,1395.0,1419.0,1414.45,1415.0,1408.7,1297980,1829281530.65,17845.0,1215.0,54501,INE918I01026,2023-05-10,2023-05-09T18:30:00.000Z,2023-05-10T12:01:02.552Z,2023-05-10T12:01:02.552Z,0,,1409.33,10-May-2023,
188,645cd8fe10d1f40007597b9a,BAJAJFINSV,EQ,N,1427.75,1413.05,1421.0,1420.4,1418.0,1414.45,915163,1299395670.85,17845.0,1215.0,42059,INE918I01026,2023-05-11,2023-05-10T18:30:00.000Z,2023-05-11T12:01:02.566Z,2023-05-11T12:01:02.566Z,0,,1419.85,11-May-2023,
189,645e2a7e0fab8a0006a5a302,BAJAJFINSV,EQ,N,1428.0,1407.0,1420.0,1423.45,1424.5,1420.4,1300969,1849480448.2,17845.0,1215.0,55244,INE918I01026,2023-05-12,2023-05-11T18:30:00.000Z,2023-05-12T12:01:02.110Z,2023-05-12T12:01:02.110Z,0,,1421.62,12-May-2023,
190,6463620903fbd7000762c647,BAJAJFINSV,EQ,N,1430.0,1416.0,1424.0,1421.35,1421.5,1423.45,1003664,1429474530.25,17845.0,1215.0,46006,INE918I01026,2023-05-15,2023-05-14T18:30:00.000Z,2023-05-16T10:59:21.455Z,2023-05-16T10:59:21.455Z,0,,1424.26,15-May-2023,
191,6463707e14a7a7000725fae1,BAJAJFINSV,EQ,N,1438.0,1421.0,1429.9,1428.35,1426.5,1421.35,1678746,2403361235.25,17845.0,1215.0,66056,INE918I01026,2023-05-16,2023-05-15T18:30:00.000Z,2023-05-16T12:01:02.228Z,2023-05-16T12:01:02.228Z,0,,1431.64,16-May-2023,
192,6464c1fe5cbc1b0007615844,BAJAJFINSV,EQ,N,1430.4,1405.0,1430.4,1415.4,1415.05,1428.35,804968,1139283219.45,17845.0,1215.0,33770,INE918I01026,2023-05-17,2023-05-16T18:30:00.000Z,2023-05-17T12:01:02.281Z,2023-05-17T12:01:02.281Z,0,,1415.31,17-May-2023,
193,6466137e0553700006bcbf73,BAJAJFINSV,EQ,N,1430.0,1412.05,1422.35,1415.45,1417.0,1415.4,739262,1051428051.25,17845.0,1215.0,29432,INE918I01026,2023-05-18,2023-05-17T18:30:00.000Z,2023-05-18T12:01:02.392Z,2023-05-18T12:01:02.392Z,0,,1422.27,18-May-2023,
194,646764fe4e898e0007aecfac,BAJAJFINSV,EQ,N,1422.7,1397.05,1422.1,1415.1,1416.5,1415.45,754504,1063552071.35,17845.0,1215.0,31238,INE918I01026,2023-05-19,2023-05-18T18:30:00.000Z,2023-05-19T12:01:02.344Z,2023-05-19T12:01:02.344Z,0,,1409.6,19-May-2023,
195,646b597efedf350007a93d43,BAJAJFINSV,EQ,N,1418.7,1405.0,1411.0,1413.0,1413.0,1415.1,591903,835403466.1,17845.0,1215.0,26862,INE918I01026,2023-05-22,2023-05-21T18:30:00.000Z,2023-05-22T12:01:02.024Z,2023-05-22T12:01:02.024Z,0,,1411.39,22-May-2023,
196,646caae038862f0007f841a9,BAJAJFINSV,EQ,N,1447.8,1415.5,1415.6,1437.25,1438.75,1413.0,1991556,2862077091.15,17845.0,1215.0,76599,INE918I01026,2023-05-23,2023-05-22T18:30:00.000Z,2023-05-23T12:00:32.891Z,2023-05-23T12:00:32.891Z,0,,1437.11,23-May-2023,
197,646dfc7e340f0d0007e5d2d3,BAJAJFINSV,EQ,N,1447.0,1421.15,1437.25,1426.45,1426.05,1437.25,1047736,1503037408.15,17845.0,1215.0,38848,INE918I01026,2023-05-24,2023-05-23T18:30:00.000Z,2023-05-24T12:01:02.847Z,2023-05-24T12:01:02.847Z,0,,1434.56,24-May-2023,
198,646f4dfdf4ee6800078f1711,BAJAJFINSV,EQ,N,1429.65,1416.0,1421.1,1427.35,1428.0,1426.45,688673,980751961.5,17845.0,1215.0,31140,INE918I01026,2023-05-25,2023-05-24T18:30:00.000Z,2023-05-25T12:01:01.967Z,2023-05-25T12:01:01.967Z,0,,1424.12,25-May-2023,
199,64709f7e9ab47100073f062d,BAJAJFINSV,EQ,N,1446.3,1431.0,1431.0,1439.15,1437.0,1427.35,1023550,1473754475.85,17845.0,1215.0,38865,INE918I01026,2023-05-26,2023-05-25T18:30:00.000Z,2023-05-26T12:01:02.740Z,2023-05-26T12:01:02.740Z,0,,1439.85,26-May-2023,
200,647493e01c8b19000798cfd8,BAJAJFINSV,EQ,N,1468.5,1444.5,1448.95,1449.55,1449.95,1439.15,1659680,2414702215.05,17845.0,1215.0,63267,INE918I01026,2023-05-29,2023-05-28T18:30:00.000Z,2023-05-29T12:00:32.911Z,2023-05-29T12:00:32.911Z,0,,1454.92,29-May-2023,
201,6475e57e795dc50007f1a3b4,BAJAJFINSV,EQ,N,1467.2,1439.5,1453.45,1465.85,1465.95,1449.55,1506999,2191689548.6,17845.0,1215.0,59972,INE918I01026,2023-05-30,2023-05-29T18:30:00.000Z,2023-05-30T12:01:02.699Z,2023-05-30T12:01:02.699Z,0,,1454.34,30-May-2023,
202,647736fe6839a000072da445,BAJAJFINSV,EQ,N,1465.0,1447.25,1465.0,1451.05,1450.0,1465.85,1704213,2474532758.7,17845.0,1215.0,63726,INE918I01026,2023-05-31,2023-05-30T18:30:00.000Z,2023-05-31T12:01:02.161Z,2023-05-31T12:01:02.161Z,0,,1452.01,31-May-2023,
203,647888643c2f8f0006cb8c09,BAJAJFINSV,EQ,N,1459.0,1444.0,1455.5,1450.15,1449.0,1451.05,939379,1364164905.35,17845.0,1215.0,41318,INE918I01026,2023-06-01,2023-05-31T18:30:00.000Z,2023-06-01T12:00:36.896Z,2023-06-01T12:00:36.896Z,0,,1452.2,01-Jun-2023,
204,6479d9ddd3712f0007a49966,BAJAJFINSV,EQ,N,1466.9,1448.4,1460.0,1457.25,1455.5,1450.15,1129346,1645524103.45,17845.0,1215.0,51903,INE918I01026,2023-06-02,2023-06-01T18:30:00.000Z,2023-06-02T12:00:29.047Z,2023-06-02T12:00:29.047Z,0,,1457.06,02-Jun-2023,
205,647dce624e3e590007daa35a,BAJAJFINSV,EQ,N,1469.5,1456.2,1469.0,1458.9,1458.0,1457.25,829929,1212711317.25,17845.0,1215.0,42375,INE918I01026,2023-06-05,2023-06-04T18:30:00.000Z,2023-06-05T12:00:34.489Z,2023-06-05T12:00:34.489Z,0,,1461.22,05-Jun-2023,
206,647f1ffef4726c00075b4c1d,BAJAJFINSV,EQ,N,1478.9,1463.1,1466.5,1475.1,1477.0,1458.9,1472972,2167274499.3,17845.0,1215.0,61381,INE918I01026,2023-06-06,2023-06-05T18:30:00.000Z,2023-06-06T12:01:02.407Z,2023-06-06T12:01:02.407Z,0,,1471.36,06-Jun-2023,
207,6480717e6cfb2d00070b77c0,BAJAJFINSV,EQ,N,1483.2,1472.0,1483.0,1480.9,1480.2,1475.1,837622,1238143448.65,17845.0,1215.0,51258,INE918I01026,2023-06-07,2023-06-06T18:30:00.000Z,2023-06-07T12:01:02.133Z,2023-06-07T12:01:02.133Z,0,,1478.16,07-Jun-2023,
208,6481c2fe185a550007a78177,BAJAJFINSV,EQ,N,1485.0,1463.0,1483.0,1467.4,1466.95,1480.9,722068,1063641788.9,17845.0,1215.0,33321,INE918I01026,2023-06-08,2023-06-07T18:30:00.000Z,2023-06-08T12:01:02.267Z,2023-06-08T12:01:02.267Z,0,,1473.05,08-Jun-2023,
209,6483147ef5c17700060da3b2,BAJAJFINSV,EQ,N,1476.0,1461.55,1471.0,1466.5,1464.0,1467.4,499104,733076175.85,17845.0,1215.0,31296,INE918I01026,2023-06-09,2023-06-08T18:30:00.000Z,2023-06-09T12:01:02.453Z,2023-06-09T12:01:02.453Z,0,,1468.78,09-Jun-2023,
210,648708ddf69f680007c10f4b,BAJAJFINSV,EQ,N,1473.0,1461.95,1473.0,1466.0,1469.85,1466.5,465964,683370263.15,17845.0,1215.0,29172,INE918I01026,2023-06-12,2023-06-11T18:30:00.000Z,2023-06-12T12:00:29.219Z,2023-06-12T12:00:29.219Z,0,,1466.57,12-Jun-2023,
211,64885a62826cb200066b65ba,BAJAJFINSV,EQ,N,1492.0,1470.0,1470.0,1486.2,1485.35,1466.0,1205104,1788695130.75,17845.0,1215.0,53557,INE918I01026,2023-06-13,2023-06-12T18:30:00.000Z,2023-06-13T12:00:34.222Z,2023-06-13T12:00:34.222Z,0,,1484.27,13-Jun-2023,
212,6489abfeef203700071fee64,BAJAJFINSV,EQ,N,1491.9,1469.0,1490.0,1480.4,1481.0,1486.2,763762,1128218960.7,17845.0,1215.0,35888,INE918I01026,2023-06-14,2023-06-13T18:30:00.000Z,2023-06-14T12:01:02.178Z,2023-06-14T12:01:02.178Z,0,,1477.19,14-Jun-2023,
213,6421857e341dfa0007d43096,BAJAJFINSV,EQ,N,1251.6,1226.65,1245.0,1239.1,1239.0,1240.65,1553877,1928495490.5,17845.0,1226.65,55473,INE918I01026,2023-03-27,2023-03-26T18:30:00.000Z,2023-03-27T12:01:02.682Z,2023-03-27T12:01:02.682Z,0,,1241.09,27-Mar-2023,
214,6422d6e24334450007b90ddd,BAJAJFINSV,EQ,N,1247.85,1215.0,1245.3,1223.15,1225.0,1239.1,1510246,1859326076.2,17845.0,1215.0,56043,INE918I01026,2023-03-28,2023-03-27T18:30:00.000Z,2023-03-28T12:00:34.327Z,2023-03-28T12:00:34.327Z,0,,1231.14,28-Mar-2023,
215,64242860de5deb00074f7a47,BAJAJFINSV,EQ,N,1252.0,1225.45,1229.3,1246.05,1249.75,1223.15,1657420,2050859979.1,17845.0,1215.0,58502,INE918I01026,2023-03-29,2023-03-28T18:30:00.000Z,2023-03-29T12:00:32.086Z,2023-03-29T12:00:32.086Z,0,,1237.38,29-Mar-2023,
216,6426cb7efa6ac80007ed838a,BAJAJFINSV,EQ,N,1270.0,1250.0,1252.3,1266.5,1267.15,1246.05,1830686,2306697798.15,17845.0,1215.0,63598,INE918I01026,2023-03-31,2023-03-30T18:30:00.000Z,2023-03-31T12:01:02.233Z,2023-03-31T12:01:02.233Z,0,,1260.02,31-Mar-2023,
217,642bb9a2de6eb90007c5dce2,BAJAJFINSV,EQ,N,1286.55,1265.5,1273.0,1282.95,1283.0,1266.5,1381342,1763894071.9,17845.0,1215.0,49080,INE918I01026,2023-04-03,2023-04-02T18:30:00.000Z,2023-04-04T05:46:10.455Z,2023-04-04T05:46:10.455Z,0,,1276.94,03-Apr-2023,
218,642d62e02ea04a0007faddc6,BAJAJFINSV,EQ,N,1324.0,1275.5,1296.0,1279.3,1278.0,1282.95,3366621,4369822015.1,17845.0,1215.0,114849,INE918I01026,2023-04-05,2023-04-04T18:30:00.000Z,2023-04-05T12:00:32.411Z,2023-04-05T12:00:32.411Z,0,,1297.98,05-Apr-2023,
219,642eb462094dd400068c6c85,BAJAJFINSV,EQ,N,1311.45,1271.35,1279.3,1303.95,1305.45,1279.3,1819711,2359113381.95,17845.0,1215.0,64170,INE918I01026,2023-04-06,2023-04-05T18:30:00.000Z,2023-04-06T12:00:34.115Z,2023-04-06T12:00:34.115Z,0,,1296.42,06-Apr-2023,
220,6433fa5b8fc47900077e1c2e,BAJAJFINSV,EQ,N,1317.25,1295.65,1311.0,1305.05,1306.0,1303.95,1297282,1695302478.25,17845.0,1215.0,48966,INE918I01026,2023-04-10,2023-04-09T18:30:00.000Z,2023-04-10T12:00:27.146Z,2023-04-10T12:00:27.146Z,0,,1306.81,10-Apr-2023,
221,64354bfe35b9ec0007fe14f7,BAJAJFINSV,EQ,N,1325.0,1307.2,1312.95,1323.2,1323.95,1305.05,1281834,1689617681.75,17845.0,1215.0,43473,INE918I01026,2023-04-11,2023-04-10T18:30:00.000Z,2023-04-11T12:01:02.092Z,2023-04-11T12:01:02.092Z,0,,1318.13,11-Apr-2023,
222,64369d7e28cb620007943dbc,BAJAJFINSV,EQ,N,1329.0,1315.55,1321.0,1321.55,1323.9,1323.2,1105734,1461148852.65,17845.0,1215.0,45148,INE918I01026,2023-04-12,2023-04-11T18:30:00.000Z,2023-04-12T12:01:02.532Z,2023-04-12T12:01:02.532Z,0,,1321.43,12-Apr-2023,
223,6452305e9275de0007320850,BAJAJFINSV,EQ,N,1346.0,1318.0,1320.9,1341.3,1338.5,1321.55,1330391,1777562569.6,17845.0,1215.0,51533,INE918I01026,2023-04-13,2023-04-12T18:30:00.000Z,2023-05-03T09:58:54.394Z,2023-05-03T09:58:54.394Z,0,,1336.12,13-Apr-2023,
224,643d34feccfc3f00073b11a2,BAJAJFINSV,EQ,N,1352.95,1330.55,1345.0,1341.15,1343.5,1341.3,1073923,1439119625.0,17845.0,1215.0,54963,INE918I01026,2023-04-17,2023-04-16T18:30:00.000Z,2023-04-17T12:01:02.379Z,2023-04-17T12:01:02.379Z,0,,1340.06,17-Apr-2023,
225,643e867e0e2f3b0007ff00f6,BAJAJFINSV,EQ,N,1348.7,1329.0,1340.0,1335.2,1335.0,1341.15,1236391,1654199684.65,17845.0,1215.0,42226,INE918I01026,2023-04-18,2023-04-17T18:30:00.000Z,2023-04-18T12:01:02.276Z,2023-04-18T12:01:02.276Z,0,,1337.93,18-Apr-2023,
226,643fd7fe9576bd00077066e1,BAJAJFINSV,EQ,N,1338.95,1322.05,1335.0,1331.35,1332.4,1335.2,590360,785209635.15,17845.0,1215.0,31818,INE918I01026,2023-04-19,2023-04-18T18:30:00.000Z,2023-04-19T12:01:02.647Z,2023-04-19T12:01:02.647Z,0,,1330.05,19-Apr-2023,
227,6441297eedb945000783cb72,BAJAJFINSV,EQ,N,1341.35,1325.05,1333.95,1332.1,1333.4,1331.35,467602,622787663.2,17845.0,1215.0,23295,INE918I01026,2023-04-20,2023-04-19T18:30:00.000Z,2023-04-20T12:01:02.436Z,2023-04-20T12:01:02.436Z,0,,1331.88,20-Apr-2023,
228,64427afef15a450007bb0136,BAJAJFINSV,EQ,N,1338.0,1306.55,1336.5,1317.9,1315.1,1332.1,825513,1088597857.0,17845.0,1215.0,41374,INE918I01026,2023-04-21,2023-04-20T18:30:00.000Z,2023-04-21T12:01:02.071Z,2023-04-21T12:01:02.071Z,0,,1318.69,21-Apr-2023,
229,64466f7edf71c00007a5feb6,BAJAJFINSV,EQ,N,1322.9,1307.85,1315.1,1319.75,1321.0,1317.9,1051329,1386197486.0,17845.0,1215.0,35542,INE918I01026,2023-04-24,2023-04-23T18:30:00.000Z,2023-04-24T12:01:02.251Z,2023-04-24T12:01:02.251Z,0,,1318.52,24-Apr-2023,
230,6447c0e1490d390007897e99,BAJAJFINSV,EQ,N,1352.0,1322.1,1325.0,1345.8,1346.0,1319.75,2725305,3657088961.05,17845.0,1215.0,71455,INE918I01026,2023-04-25,2023-04-24T18:30:00.000Z,2023-04-25T12:00:33.029Z,2023-04-25T12:00:33.029Z,0,,1341.9,25-Apr-2023,
231,64491260e5a59400078c6371,BAJAJFINSV,EQ,N,1349.5,1328.65,1345.8,1334.7,1335.0,1345.8,889092,1188448406.4,17845.0,1215.0,41489,INE918I01026,2023-04-26,2023-04-25T18:30:00.000Z,2023-04-26T12:00:32.758Z,2023-04-26T12:00:32.758Z,0,,1336.7,26-Apr-2023,
232,644a63e2f01de60007dddde1,BAJAJFINSV,EQ,N,1374.0,1340.15,1352.5,1360.0,1359.0,1334.7,3982526,5422520618.0,17845.0,1215.0,116567,INE918I01026,2023-04-27,2023-04-26T18:30:00.000Z,2023-04-27T12:00:34.909Z,2023-04-27T12:00:34.909Z,0,,1361.58,27-Apr-2023,
233,644bb57e3ed14e00074afcd9,BAJAJFINSV,EQ,N,1368.95,1318.8,1368.95,1354.65,1354.0,1360.0,3376186,4517119920.3,17845.0,1215.0,101487,INE918I01026,2023-04-28,2023-04-27T18:30:00.000Z,2023-04-28T12:01:02.551Z,2023-04-28T12:01:02.551Z,0,,1337.94,28-Apr-2023,
234,6450fb74ed55e70007aaa613,BAJAJFINSV,EQ,N,1370.9,1345.9,1360.0,1349.05,1346.9,1354.65,1387425,1879363821.95,17845.0,1215.0,55489,INE918I01026,2023-05-02,2023-05-01T18:30:00.000Z,2023-05-02T12:00:52.529Z,2023-05-02T12:00:52.529Z,0,,1354.57,02-May-2023,
235,64524cf4cf4f6600076ae039,BAJAJFINSV,EQ,N,1350.95,1330.0,1345.0,1347.0,1346.05,1349.05,903123,1212013880.4,17845.0,1215.0,38335,INE918I01026,2023-05-03,2023-05-02T18:30:00.000Z,2023-05-03T12:00:52.928Z,2023-05-03T12:00:52.928Z,0,,1342.03,03-May-2023,
236,64539e60a766ea00068eb67c,BAJAJFINSV,EQ,N,1378.3,1340.0,1342.3,1374.45,1371.0,1347.0,2213569,3016585297.8,17845.0,1215.0,70810,INE918I01026,2023-05-04,2023-05-03T18:30:00.000Z,2023-05-04T12:00:32.582Z,2023-05-04T12:00:32.582Z,0,,1362.77,04-May-2023,
237,6454efe1dbc6070007777bdf,BAJAJFINSV,EQ,N,1394.0,1355.4,1371.5,1359.25,1359.65,1374.45,2572062,3540395133.55,17845.0,1215.0,96963,INE918I01026,2023-05-05,2023-05-04T18:30:00.000Z,2023-05-05T12:00:33.176Z,2023-05-05T12:00:33.176Z,0,,1376.48,05-May-2023,
238,63eb77e02dd7bc0006b22d81,BAJAJFINSV,EQ,N,1405.0,1373.65,1390.0,1398.6,1397.0,1388.55,1390992,1937624862.1,17845.0,1246.85,57870,INE918I01026,2023-02-14,2023-02-13T18:30:00.000Z,2023-02-14T12:00:32.480Z,2023-02-14T12:00:32.480Z,0,,1392.98,14-Feb-2023,
239,63ecc95bf3c7a1000796181b,BAJAJFINSV,EQ,N,1423.95,1388.05,1398.0,1420.8,1422.0,1398.6,1518171,2140406379.25,17845.0,1246.85,53301,INE918I01026,2023-02-15,2023-02-14T18:30:00.000Z,2023-02-15T12:00:27.673Z,2023-02-15T12:00:27.673Z,0,,1409.86,15-Feb-2023,
240,63ee1ae0e9845a00077c1b1c,BAJAJFINSV,EQ,N,1435.0,1413.05,1429.0,1428.2,1421.0,1420.8,2153424,3072292819.75,17845.0,1246.85,68360,INE918I01026,2023-02-16,2023-02-15T18:30:00.000Z,2023-02-16T12:00:32.178Z,2023-02-16T12:00:32.178Z,0,,1426.7,16-Feb-2023,
241,642835da7ae9d0000711654f,BAJAJFINSV,EQ,N,1427.2,1410.0,1420.05,1414.05,1413.5,1428.2,994199,1410895924.85,17845.0,1246.85,41523,INE918I01026,2023-02-17,2023-02-16T18:30:00.000Z,2023-04-01T13:47:06.188Z,2023-04-01T13:47:06.188Z,0,,1419.13,17-Feb-2023,
242,63f360e234198a00062fb6a4,BAJAJFINSV,EQ,N,1425.8,1400.8,1418.0,1404.6,1404.0,1414.05,993735,1403381008.6,17845.0,1246.85,42281,INE918I01026,2023-02-20,2023-02-19T18:30:00.000Z,2023-02-20T12:00:34.438Z,2023-02-20T12:00:34.438Z,0,,1412.23,20-Feb-2023,
243,63f4b27ea27ddb0007e3ba1a,BAJAJFINSV,EQ,N,1409.4,1390.0,1409.4,1394.3,1395.0,1404.6,1117177,1562708057.55,17845.0,1246.85,44182,INE918I01026,2023-02-21,2023-02-20T18:30:00.000Z,2023-02-21T12:01:02.018Z,2023-02-21T12:01:02.018Z,0,,1398.8,21-Feb-2023,
244,63f60655ae250300083de209,BAJAJFINSV,EQ,N,1392.0,1356.0,1389.9,1360.95,1360.0,1394.3,1402505,1918614638.5,17845.0,1246.85,74603,INE918I01026,2023-02-22,2023-02-21T18:30:00.000Z,2023-02-22T12:11:02.005Z,2023-02-22T12:11:02.005Z,0,,1367.99,22-Feb-2023,
245,63f7557e4ddd69000727951c,BAJAJFINSV,EQ,N,1365.95,1341.0,1362.0,1346.95,1349.0,1360.95,1095460,1481785438.65,17845.0,1246.85,57472,INE918I01026,2023-02-23,2023-02-22T18:30:00.000Z,2023-02-23T12:01:02.714Z,2023-02-23T12:01:02.714Z,0,,1352.66,23-Feb-2023,
246,642835d330507300074cb88a,BAJAJFINSV,EQ,N,1386.0,1350.35,1353.7,1359.0,1360.0,1346.95,1342454,1833944532.55,17845.0,1246.85,55001,INE918I01026,2023-02-24,2023-02-23T18:30:00.000Z,2023-04-01T13:46:59.642Z,2023-04-01T13:46:59.642Z,0,,1366.11,24-Feb-2023,
247,63fc9b60dc45a5000731be51,BAJAJFINSV,EQ,N,1367.25,1345.0,1357.95,1357.4,1361.0,1359.0,972575,1318065796.05,17845.0,1246.85,43708,INE918I01026,2023-02-27,2023-02-26T18:30:00.000Z,2023-02-27T12:00:32.151Z,2023-02-27T12:00:32.151Z,0,,1355.23,27-Feb-2023,
248,63fdece0e91131000683306a,BAJAJFINSV,EQ,N,1371.9,1330.0,1364.2,1334.9,1334.95,1357.4,1597380,2151716272.15,17845.0,1246.85,67462,INE918I01026,2023-02-28,2023-02-27T18:30:00.000Z,2023-02-28T12:00:32.085Z,2023-02-28T12:00:32.085Z,0,,1347.03,28-Feb-2023,
249,63ff3e7d19ec0c00075223ed,BAJAJFINSV,EQ,N,1360.0,1334.9,1335.7,1343.9,1346.0,1334.9,1134472,1530004094.15,17845.0,1246.85,54263,INE918I01026,2023-03-01,2023-02-28T18:30:00.000Z,2023-03-01T12:01:01.949Z,2023-03-01T12:01:01.949Z,0,,1348.65,01-Mar-2023,
250,64008ffe4d52cc0007dca87f,BAJAJFINSV,EQ,N,1385.95,1337.2,1375.0,1343.55,1342.0,1343.9,3267851,4427702197.7,17845.0,1246.85,108414,INE918I01026,2023-03-02,2023-03-01T18:30:00.000Z,2023-03-02T12:01:02.269Z,2023-03-02T12:01:02.269Z,0,,1354.93,02-Mar-2023,
251,6428360a16ab0d00071bc987,BAJAJFINSV,EQ,N,1364.45,1346.1,1357.0,1355.35,1353.05,1343.55,1199487,1624116141.5,17845.0,1246.85,55086,INE918I01026,2023-03-03,2023-03-02T18:30:00.000Z,2023-04-01T13:47:54.219Z,2023-04-01T13:47:54.219Z,0,,1354.01,03-Mar-2023,
252,649035978031410007a389c2,BAJAJFINSV,EQ,N,1399.45,1357.25,1357.25,1380.8,1385.0,1355.35,2466703,3416328106.15,17845.0,1246.85,90077,INE918I01026,2023-03-06,2023-03-05T18:30:00.000Z,2023-06-19T11:01:43.018Z,2023-06-19T11:01:43.018Z,0,,1384.98,06-Mar-2023,
253,640878fe75b3490007547f8e,BAJAJFINSV,EQ,N,1383.8,1357.9,1375.0,1380.8,1381.0,1380.8,1557533,2134224526.55,17845.0,1246.85,72218,INE918I01026,2023-03-08,2023-03-07T18:30:00.000Z,2023-03-08T12:01:02.267Z,2023-03-08T12:01:02.267Z,0,,1370.26,08-Mar-2023,
254,6409ca609d5f8e0007aaff06,BAJAJFINSV,EQ,N,1378.95,1350.0,1378.0,1352.55,1352.0,1380.8,1545024,2106279181.25,17845.0,1246.85,71522,INE918I01026,2023-03-09,2023-03-08T18:30:00.000Z,2023-03-09T12:00:32.699Z,2023-03-09T12:00:32.699Z,0,,1363.27,09-Mar-2023,
255,6428361acad839000735fc1d,BAJAJFINSV,EQ,N,1342.0,1321.05,1340.0,1328.85,1329.4,1352.55,1389890,1849568565.7,17845.0,1246.85,70272,INE918I01026,2023-03-10,2023-03-09T18:30:00.000Z,2023-04-01T13:48:11.004Z,2023-04-01T13:48:11.004Z,0,,1330.73,10-Mar-2023,
256,640f107ef9a53c00076d4ed2,BAJAJFINSV,EQ,N,1341.2,1291.9,1326.0,1295.7,1299.0,1328.85,1668502,2190521564.45,17845.0,1246.85,82676,INE918I01026,2023-03-13,2023-03-12T18:30:00.000Z,2023-03-13T12:01:02.387Z,2023-03-13T12:01:02.387Z,0,,1312.87,13-Mar-2023,
257,641061fe5cd8ce0007c66afd,BAJAJFINSV,EQ,N,1302.3,1269.0,1300.0,1280.55,1281.9,1295.7,2060607,2646986943.8,17845.0,1246.85,88067,INE918I01026,2023-03-14,2023-03-13T18:30:00.000Z,2023-03-14T12:01:02.402Z,2023-03-14T12:01:02.402Z,0,,1284.57,14-Mar-2023,
258,6411b37ebe244d00086a7341,BAJAJFINSV,EQ,N,1309.7,1278.0,1290.0,1282.6,1281.4,1280.55,1376141,1779308231.2,17845.0,1246.85,58956,INE918I01026,2023-03-15,2023-03-14T18:30:00.000Z,2023-03-15T12:01:02.264Z,2023-03-15T12:01:02.264Z,0,,1292.97,15-Mar-2023,
259,641304fe5a79c20007fb8b6a,BAJAJFINSV,EQ,N,1304.0,1270.55,1285.5,1293.6,1297.0,1282.6,1539281,1978312058.35,17845.0,1246.85,71278,INE918I01026,2023-03-16,2023-03-15T18:30:00.000Z,2023-03-16T12:01:02.235Z,2023-03-16T12:01:02.235Z,0,,1285.22,16-Mar-2023,
260,6428364bb12dd2000783b9ce,BAJAJFINSV,EQ,N,1316.3,1293.0,1304.95,1301.75,1304.0,1293.6,1332869,1734148385.95,17845.0,1246.85,57511,INE918I01026,2023-03-17,2023-03-16T18:30:00.000Z,2023-04-01T13:48:59.422Z,2023-04-01T13:48:59.422Z,0,,1301.06,17-Mar-2023,
261,64184add4cca9b00071d0b3f,BAJAJFINSV,EQ,N,1307.95,1231.0,1305.0,1245.4,1246.95,1301.75,3970911,4974723183.05,17845.0,1231.0,154702,INE918I01026,2023-03-20,2023-03-19T18:30:00.000Z,2023-03-20T12:00:29.078Z,2023-03-20T12:00:29.078Z,0,,1252.79,20-Mar-2023,
262,64199c7ef23e5d0007762d78,BAJAJFINSV,EQ,N,1271.5,1248.6,1259.0,1268.1,1268.0,1245.4,2333183,2939076405.6,17845.0,1231.0,83385,INE918I01026,2023-03-21,2023-03-20T18:30:00.000Z,2023-03-21T12:01:02.222Z,2023-03-21T12:01:02.222Z,0,,1259.69,21-Mar-2023,
263,641aede070c37800075eb26d,BAJAJFINSV,EQ,N,1314.95,1270.55,1271.0,1294.55,1293.0,1268.1,2884348,3741989398.85,17845.0,1231.0,88322,INE918I01026,2023-03-22,2023-03-21T18:30:00.000Z,2023-03-22T12:00:32.102Z,2023-03-22T12:00:32.102Z,0,,1297.34,22-Mar-2023,
264,641c3f604052850007ffb1ef,BAJAJFINSV,EQ,N,1310.5,1278.3,1291.95,1290.0,1287.0,1294.55,1947186,2524844700.15,17845.0,1231.0,67695,INE918I01026,2023-03-23,2023-03-22T18:30:00.000Z,2023-03-23T12:00:32.835Z,2023-03-23T12:00:32.835Z,0,,1296.66,23-Mar-2023,
265,642836517ae9d00007116f6c,BAJAJFINSV,EQ,N,1290.0,1236.2,1281.3,1240.65,1239.2,1290.0,2676573,3364880510.0,17845.0,1231.0,96925,INE918I01026,2023-03-24,2023-03-23T18:30:00.000Z,2023-04-01T13:49:05.766Z,2023-04-01T13:49:05.766Z,0,,1257.16,24-Mar-2023,
266,63b6bbe00274fd00070366db,BAJAJFINSV,EQ,N,1548.0,1454.7,1548.0,1468.85,1466.8,1547.85,5979381,8825962220.15,18621.0,1454.7,250364,INE918I01026,2023-01-05,2023-01-04T18:30:00.000Z,2023-01-05T12:00:32.797Z,2023-01-05T12:00:32.797Z,0,,1476.07,05-Jan-2023,
267,642831c27a8f1d000733f4ed,BAJAJFINSV,EQ,N,1473.55,1423.0,1473.55,1430.35,1430.0,1468.85,5207616,7492271472.0,18621.0,1423.0,229148,INE918I01026,2023-01-06,2023-01-05T18:30:00.000Z,2023-04-01T13:29:38.649Z,2023-04-01T13:29:38.649Z,0,,1438.71,06-Jan-2023,
268,63bc01e144c5550007cfd911,BAJAJFINSV,EQ,N,1450.9,1408.65,1447.0,1414.0,1412.0,1430.35,4513767,6427738874.8,18621.0,1408.65,164799,INE918I01026,2023-01-09,2023-01-08T18:30:00.000Z,2023-01-09T12:00:33.964Z,2023-01-09T12:00:33.964Z,0,,1424.03,09-Jan-2023,
269,63bd53629bf4ee00067560d0,BAJAJFINSV,EQ,N,1429.0,1391.0,1429.0,1413.3,1417.5,1414.0,2903001,4074826830.55,18621.0,1391.0,121229,INE918I01026,2023-01-10,2023-01-09T18:30:00.000Z,2023-01-10T12:00:34.690Z,2023-01-10T12:00:34.690Z,0,,1403.66,10-Jan-2023,
270,63bea4fe34c2300007bbd578,BAJAJFINSV,EQ,N,1422.85,1397.05,1418.0,1399.7,1399.0,1413.3,2327598,3271082656.1,18621.0,1391.0,86036,INE918I01026,2023-01-11,2023-01-10T18:30:00.000Z,2023-01-11T12:01:02.256Z,2023-01-11T12:01:02.256Z,0,,1405.35,11-Jan-2023,
271,63bff67e69f0580007971169,BAJAJFINSV,EQ,N,1414.95,1379.0,1405.0,1387.8,1387.0,1399.7,3168742,4416587510.5,18621.0,1379.0,107310,INE918I01026,2023-01-12,2023-01-11T18:30:00.000Z,2023-01-12T12:01:02.069Z,2023-01-12T12:01:02.069Z,0,,1393.8,12-Jan-2023,
272,642831735c7d010007ff86e2,BAJAJFINSV,EQ,N,1399.85,1374.35,1394.75,1391.15,1391.0,1387.8,3754686,5201720976.2,18621.0,1374.35,103287,INE918I01026,2023-01-13,2023-01-12T18:30:00.000Z,2023-04-01T13:28:19.178Z,2023-04-01T13:28:19.178Z,0,,1385.39,13-Jan-2023,
273,63c53c7e2791db0007341c14,BAJAJFINSV,EQ,N,1418.45,1379.2,1398.15,1383.9,1383.5,1391.15,3480545,4857920516.4,18621.0,1374.35,97787,INE918I01026,2023-01-16,2023-01-15T18:30:00.000Z,2023-01-16T12:01:02.324Z,2023-01-16T12:01:02.324Z,0,,1395.74,16-Jan-2023,
274,63c68dfd2ba8180007e55001,BAJAJFINSV,EQ,N,1391.6,1353.95,1389.0,1372.9,1372.85,1383.9,3681802,5043064177.9,18621.0,1353.95,112949,INE918I01026,2023-01-17,2023-01-16T18:30:00.000Z,2023-01-17T12:01:01.998Z,2023-01-17T12:01:01.998Z,0,,1369.73,17-Jan-2023,
275,63c7df7e92bef60007a047d9,BAJAJFINSV,EQ,N,1380.0,1365.0,1379.8,1367.3,1366.8,1372.9,2589016,3549392389.05,18621.0,1353.95,92740,INE918I01026,2023-01-18,2023-01-17T18:30:00.000Z,2023-01-18T12:01:02.080Z,2023-01-18T12:01:02.080Z,0,,1370.94,18-Jan-2023,
276,63c930fe0f0dd300070abab9,BAJAJFINSV,EQ,N,1365.95,1348.1,1365.0,1355.15,1354.55,1367.3,1910318,2589078436.2,18621.0,1348.1,91060,INE918I01026,2023-01-19,2023-01-18T18:30:00.000Z,2023-01-19T12:01:02.038Z,2023-01-19T12:01:02.038Z,0,,1355.31,19-Jan-2023,
277,64283110f92f9a000777d238,BAJAJFINSV,EQ,N,1361.65,1326.55,1360.0,1333.2,1328.0,1355.15,2091612,2811228062.15,18621.0,1326.55,102612,INE918I01026,2023-01-20,2023-01-19T18:30:00.000Z,2023-04-01T13:26:40.590Z,2023-04-01T13:26:40.590Z,0,,1344.05,20-Jan-2023,
278,63ce76e2c7c0c80007db527d,BAJAJFINSV,EQ,N,1345.0,1319.55,1330.0,1332.75,1333.9,1333.2,1832743,2447102769.4,17845.0,1319.55,79456,INE918I01026,2023-01-23,2023-01-22T18:30:00.000Z,2023-01-23T12:00:34.714Z,2023-01-23T12:00:34.714Z,0,,1335.21,23-Jan-2023,
279,63cfc87e1e67540007c91b27,BAJAJFINSV,EQ,N,1349.0,1329.55,1336.25,1332.7,1330.0,1332.75,1311451,1755592648.05,17845.0,1319.55,70176,INE918I01026,2023-01-24,2023-01-23T18:30:00.000Z,2023-01-24T12:01:02.087Z,2023-01-24T12:01:02.087Z,0,,1338.66,24-Jan-2023,
280,63d119fe1947950006dff6b8,BAJAJFINSV,EQ,N,1334.9,1310.0,1334.9,1314.35,1315.0,1332.7,1549899,2044695636.7,17845.0,1310.0,77319,INE918I01026,2023-01-25,2023-01-24T18:30:00.000Z,2023-01-25T12:01:02.716Z,2023-01-25T12:01:02.716Z,0,,1319.24,25-Jan-2023,
281,642821069d5f4500072ed49b,BAJAJFINSV,EQ,N,1336.15,1302.05,1315.1,1314.2,1317.9,1314.35,1829556,2410414476.5,17845.0,1302.05,98316,INE918I01026,2023-01-27,2023-01-26T18:30:00.000Z,2023-04-01T12:18:14.627Z,2023-04-01T12:18:14.627Z,0,,1317.49,27-Jan-2023,
282,63d7b17d664d7a000678240a,BAJAJFINSV,EQ,N,1360.0,1317.85,1320.8,1343.85,1344.45,1314.2,4411750,5919967962.9,17845.0,1302.05,150370,INE918I01026,2023-01-30,2023-01-29T18:30:00.000Z,2023-01-30T12:01:01.986Z,2023-01-30T12:01:01.986Z,0,,1341.86,30-Jan-2023,
283,63d902e0595bb2000708588a,BAJAJFINSV,EQ,N,1357.15,1323.8,1354.4,1342.45,1343.0,1343.85,2213909,2975469297.5,17845.0,1302.05,95435,INE918I01026,2023-01-31,2023-01-30T18:30:00.000Z,2023-01-31T12:00:32.220Z,2023-01-31T12:00:32.220Z,0,,1343.99,31-Jan-2023,
284,63da545bce536a0007465187,BAJAJFINSV,EQ,N,1360.0,1246.85,1348.0,1268.3,1269.35,1342.45,4761664,6154553052.35,17845.0,1246.85,173800,INE918I01026,2023-02-01,2023-01-31T18:30:00.000Z,2023-02-01T12:00:27.127Z,2023-02-01T12:00:27.127Z,0,,1292.52,01-Feb-2023,
285,63dba5e049199b0007c38aaf,BAJAJFINSV,EQ,N,1288.65,1252.1,1269.0,1271.9,1272.05,1268.3,2419664,3070160411.5,17845.0,1246.85,114811,INE918I01026,2023-02-02,2023-02-01T18:30:00.000Z,2023-02-02T12:00:32.658Z,2023-02-02T12:00:32.658Z,0,,1268.84,02-Feb-2023,
286,6428332f7ae9d00007115114,BAJAJFINSV,EQ,N,1340.8,1281.3,1305.0,1337.45,1335.0,1271.9,3271913,4301714675.05,17845.0,1246.85,127422,INE918I01026,2023-02-03,2023-02-02T18:30:00.000Z,2023-04-01T13:35:43.111Z,2023-04-01T13:35:43.111Z,0,,1314.74,03-Feb-2023,
287,63e0ebfee9486e000641a60b,BAJAJFINSV,EQ,N,1349.0,1322.1,1337.45,1343.05,1343.0,1337.45,1546926,2068593285.65,17845.0,1246.85,60990,INE918I01026,2023-02-06,2023-02-05T18:30:00.000Z,2023-02-06T12:01:02.429Z,2023-02-06T12:01:02.429Z,0,,1337.23,06-Feb-2023,
288,63e23d7e9029740006c92150,BAJAJFINSV,EQ,N,1362.35,1337.1,1345.15,1350.4,1349.0,1343.05,1604424,2165610041.35,17845.0,1246.85,68489,INE918I01026,2023-02-07,2023-02-06T18:30:00.000Z,2023-02-07T12:01:02.068Z,2023-02-07T12:01:02.068Z,0,,1349.77,07-Feb-2023,
289,63e38edb77e63d0007d9b7e3,BAJAJFINSV,EQ,N,1377.0,1345.2,1356.95,1368.9,1369.5,1350.4,1516979,2070940562.1,17845.0,1246.85,63620,INE918I01026,2023-02-08,2023-02-07T18:30:00.000Z,2023-02-08T12:00:27.521Z,2023-02-08T12:00:27.521Z,0,,1365.17,08-Feb-2023,
290,63e4e0621df6cc0007b3d2a7,BAJAJFINSV,EQ,N,1409.9,1356.65,1370.0,1400.25,1400.0,1368.9,2593600,3612492504.3,17845.0,1246.85,109135,INE918I01026,2023-02-09,2023-02-08T18:30:00.000Z,2023-02-09T12:00:34.482Z,2023-02-09T12:00:34.482Z,0,,1392.85,09-Feb-2023,
291,642835e7faf76300072ef0aa,BAJAJFINSV,EQ,N,1418.65,1394.0,1406.0,1401.75,1401.0,1400.25,2069492,2914164346.1,17845.0,1246.85,67246,INE918I01026,2023-02-10,2023-02-09T18:30:00.000Z,2023-04-01T13:47:19.354Z,2023-04-01T13:47:19.354Z,0,,1408.15,10-Feb-2023,
292,63ea26627f00b10007473241,BAJAJFINSV,EQ,N,1415.0,1381.75,1404.0,1388.55,1385.0,1401.75,1467695,2044535808.85,17845.0,1246.85,51353,INE918I01026,2023-02-13,2023-02-12T18:30:00.000Z,2023-02-13T12:00:34.697Z,2023-02-13T12:00:34.697Z,0,,1393.02,13-Feb-2023,
293,63eb77e02dd7bc0006b22d81,BAJAJFINSV,EQ,N,1405.0,1373.65,1390.0,1398.6,1397.0,1388.55,1390992,1937624862.1,17845.0,1246.85,57870,INE918I01026,2023-02-14,2023-02-13T18:30:00.000Z,2023-02-14T12:00:32.480Z,2023-02-14T12:00:32.480Z,0,,1392.98,14-Feb-2023,
294,6384a2e209ea49000713f6e8,BAJAJFINSV,EQ,N,1661.9,1628.85,1630.0,1652.85,1649.95,1633.7,2005182,3312447888.85,18621.0,1620.0,52771,INE918I01026,2022-11-28,2022-11-27T18:30:00.000Z,2022-11-28T12:00:34.757Z,2022-11-28T12:00:34.757Z,0,,1651.94,28-Nov-2022,
295,6385f460735fc10007ec1075,BAJAJFINSV,EQ,N,1652.85,1630.05,1649.0,1632.0,1633.0,1652.85,1346735,2205719359.9,18621.0,1620.0,54212,INE918I01026,2022-11-29,2022-11-28T18:30:00.000Z,2022-11-29T12:00:32.459Z,2022-11-29T12:00:32.459Z,0,,1637.83,29-Nov-2022,
296,638745fede35720007b7f661,BAJAJFINSV,EQ,N,1644.65,1623.3,1634.2,1626.5,1632.0,1632.0,2900845,4724256018.75,18621.0,1620.0,73488,INE918I01026,2022-11-30,2022-11-29T18:30:00.000Z,2022-11-30T12:01:02.465Z,2022-11-30T12:01:02.465Z,0,,1628.58,30-Nov-2022,
297,63889780de35720007f0567b,BAJAJFINSV,EQ,N,1642.5,1624.2,1634.8,1638.8,1639.0,1626.5,2111362,3451627032.85,18621.0,1620.0,112929,INE918I01026,2022-12-01,2022-11-30T18:30:00.000Z,2022-12-01T12:01:04.206Z,2022-12-01T12:01:04.206Z,0,,1634.79,01-Dec-2022,
298,6389e8fe029bc500077ffd8e,BAJAJFINSV,EQ,N,1653.0,1625.25,1632.2,1642.65,1644.0,1638.8,1682841,2760405263.0,18621.0,1620.0,67949,INE918I01026,2022-12-02,2022-12-01T18:30:00.000Z,2022-12-02T12:01:02.286Z,2022-12-02T12:01:02.286Z,0,,1640.32,02-Dec-2022,
299,638ddd60c10ae00007166527,BAJAJFINSV,EQ,N,1655.0,1631.4,1650.0,1634.2,1633.5,1642.65,1383542,2265330088.4,18621.0,1620.0,53969,INE918I01026,2022-12-05,2022-12-04T18:30:00.000Z,2022-12-05T12:00:32.555Z,2022-12-05T12:00:32.555Z,0,,1637.34,05-Dec-2022,
300,638f2efe029bc50007eb6d5b,BAJAJFINSV,EQ,N,1646.9,1628.0,1630.0,1635.25,1633.5,1634.2,1177485,1925385921.4,18621.0,1620.0,65321,INE918I01026,2022-12-06,2022-12-05T18:30:00.000Z,2022-12-06T12:01:02.349Z,2022-12-06T12:01:02.349Z,0,,1635.17,06-Dec-2022,
301,6390807ebba3e7000746b7c7,BAJAJFINSV,EQ,N,1642.0,1593.0,1635.4,1606.7,1606.0,1635.25,2376490,3820721407.0,18621.0,1593.0,134843,INE918I01026,2022-12-07,2022-12-06T18:30:00.000Z,2022-12-07T12:01:02.076Z,2022-12-07T12:01:02.076Z,0,,1607.72,07-Dec-2022,
302,6391d1fe15fb0f00073a269d,BAJAJFINSV,EQ,N,1621.8,1600.2,1610.0,1618.6,1621.0,1606.7,1161239,1874329586.95,18621.0,1593.0,63523,INE918I01026,2022-12-08,2022-12-07T18:30:00.000Z,2022-12-08T12:01:02.362Z,2022-12-08T12:01:02.362Z,0,,1614.08,08-Dec-2022,
303,6393237e41313000070c319a,BAJAJFINSV,EQ,N,1626.95,1582.0,1622.0,1598.6,1595.85,1618.6,1766412,2827525890.05,18621.0,1582.0,82223,INE918I01026,2022-12-09,2022-12-08T18:30:00.000Z,2022-12-09T12:01:02.815Z,2022-12-09T12:01:02.815Z,0,,1600.72,09-Dec-2022,
304,639717fe8f01260008e2f510,BAJAJFINSV,EQ,N,1603.95,1570.1,1586.15,1592.1,1590.9,1598.6,1365732,2172455704.35,18621.0,1570.1,67479,INE918I01026,2022-12-12,2022-12-11T18:30:00.000Z,2022-12-12T12:01:02.678Z,2022-12-12T12:01:02.678Z,0,,1590.69,12-Dec-2022,
305,63986960f596af0007c3e8f9,BAJAJFINSV,EQ,N,1616.9,1591.25,1600.1,1611.45,1613.1,1592.1,1279634,2056335646.9,18621.0,1570.1,46063,INE918I01026,2022-12-13,2022-12-12T18:30:00.000Z,2022-12-13T12:00:32.393Z,2022-12-13T12:00:32.393Z,0,,1606.97,13-Dec-2022,
306,6399bae2e6e7840007d9b598,BAJAJFINSV,EQ,N,1627.9,1613.3,1619.75,1623.05,1621.0,1611.45,1137059,1844017999.7,18621.0,1570.1,38133,INE918I01026,2022-12-14,2022-12-13T18:30:00.000Z,2022-12-14T12:00:34.182Z,2022-12-14T12:00:34.182Z,0,,1621.74,14-Dec-2022,
307,639b0c6174943d0007722229,BAJAJFINSV,EQ,N,1631.7,1600.0,1620.0,1604.9,1601.15,1623.05,1041690,1684240561.95,18621.0,1570.1,45475,INE918I01026,2022-12-15,2022-12-14T18:30:00.000Z,2022-12-15T12:00:33.233Z,2022-12-15T12:00:33.233Z,0,,1616.83,15-Dec-2022,
308,639c5dfe28c1380006e2f49d,BAJAJFINSV,EQ,N,1610.0,1581.15,1599.0,1587.1,1588.5,1604.9,1533418,2444948355.8,18621.0,1570.1,64542,INE918I01026,2022-12-16,2022-12-15T18:30:00.000Z,2022-12-16T12:01:02.604Z,2022-12-16T12:01:02.604Z,0,,1594.44,16-Dec-2022,
309,63a0527ef1563200081b4402,BAJAJFINSV,EQ,N,1627.0,1590.15,1595.05,1619.05,1619.0,1587.1,1508476,2435737507.2,18621.0,1570.1,47364,INE918I01026,2022-12-19,2022-12-18T18:30:00.000Z,2022-12-19T12:01:02.164Z,2022-12-19T12:01:02.164Z,0,,1614.7,19-Dec-2022,
310,63a1a3e0c0ffa70007a005f9,BAJAJFINSV,EQ,N,1618.5,1593.05,1614.95,1615.65,1616.0,1619.05,866377,1392085258.85,18621.0,1570.1,31956,INE918I01026,2022-12-20,2022-12-19T18:30:00.000Z,2022-12-20T12:00:32.350Z,2022-12-20T12:00:32.350Z,0,,1606.79,20-Dec-2022,
311,63a2f560fbd8f20007c47d53,BAJAJFINSV,EQ,N,1629.25,1575.5,1618.5,1581.8,1579.95,1615.65,1397725,2233965141.5,18621.0,1570.1,77482,INE918I01026,2022-12-21,2022-12-20T18:30:00.000Z,2022-12-21T12:00:32.468Z,2022-12-21T12:00:32.468Z,0,,1598.29,21-Dec-2022,
312,63a446db4168e20007893b59,BAJAJFINSV,EQ,N,1594.2,1530.0,1586.1,1544.3,1547.0,1581.8,2100618,3258826737.1,18621.0,1530.0,104347,INE918I01026,2022-12-22,2022-12-21T18:30:00.000Z,2022-12-22T12:00:27.165Z,2022-12-22T12:00:27.165Z,0,,1551.37,22-Dec-2022,
313,63a5987eba71aa0006a9ee69,BAJAJFINSV,EQ,N,1543.3,1492.0,1524.3,1497.05,1495.5,1544.3,1673592,2534069725.75,18621.0,1492.0,84553,INE918I01026,2022-12-23,2022-12-22T18:30:00.000Z,2022-12-23T12:01:02.288Z,2022-12-23T12:01:02.288Z,0,,1514.15,23-Dec-2022,
314,63a98cfedec2580006f62818,BAJAJFINSV,EQ,N,1544.95,1483.15,1496.9,1535.0,1538.0,1497.05,1329547,2021780022.7,18621.0,1483.15,66737,INE918I01026,2022-12-26,2022-12-25T18:30:00.000Z,2022-12-26T12:01:02.738Z,2022-12-26T12:01:02.738Z,0,,1520.65,26-Dec-2022,
315,63aade60877f910007943654,BAJAJFINSV,EQ,N,1551.4,1518.0,1545.0,1537.7,1539.0,1535.0,1102198,1691775377.65,18621.0,1483.15,60181,INE918I01026,2022-12-27,2022-12-26T18:30:00.000Z,2022-12-27T12:00:32.352Z,2022-12-27T12:00:32.352Z,0,,1534.91,27-Dec-2022,
316,63ac2ffeb817f50007b7e064,BAJAJFINSV,EQ,N,1534.7,1513.0,1534.7,1522.7,1520.5,1537.7,1411078,2151550128.2,18621.0,1483.15,51377,INE918I01026,2022-12-28,2022-12-27T18:30:00.000Z,2022-12-28T12:01:02.245Z,2022-12-28T12:01:02.245Z,0,,1524.76,28-Dec-2022,
317,63ad817e165f2b0007bbc876,BAJAJFINSV,EQ,N,1522.0,1503.05,1515.0,1511.7,1522.0,1522.7,3417120,5167298293.35,18621.0,1483.15,60079,INE918I01026,2022-12-29,2022-12-28T18:30:00.000Z,2022-12-29T12:01:02.732Z,2022-12-29T12:01:02.732Z,0,,1512.18,29-Dec-2022,
318,63aed2feece58500067d18dc,BAJAJFINSV,EQ,N,1573.0,1525.85,1528.0,1547.85,1547.0,1511.7,2638505,4101424549.25,18621.0,1483.15,82832,INE918I01026,2022-12-30,2022-12-29T18:30:00.000Z,2022-12-30T12:01:02.431Z,2022-12-30T12:01:02.431Z,0,,1554.45,30-Dec-2022,
319,63b2c77e66a1aa00065361a9,BAJAJFINSV,EQ,N,1560.0,1528.55,1550.0,1552.5,1550.1,1547.85,1061404,1639626458.45,18621.0,1483.15,48006,INE918I01026,2023-01-02,2023-01-01T18:30:00.000Z,2023-01-02T12:01:02.357Z,2023-01-02T12:01:02.357Z,0,,1544.77,02-Jan-2023,
320,63b418e38fecc90007d82617,BAJAJFINSV,EQ,N,1570.0,1544.05,1549.0,1563.0,1562.6,1552.5,1306648,2038193665.65,18621.0,1483.15,51035,INE918I01026,2023-01-03,2023-01-02T18:30:00.000Z,2023-01-03T12:00:35.327Z,2023-01-03T12:00:35.327Z,0,,1559.86,03-Jan-2023,
321,63b56a62f99d030006fd86e2,BAJAJFINSV,EQ,N,1567.35,1540.4,1562.0,1547.85,1546.0,1563.0,1036103,1607844855.85,18621.0,1483.15,43509,INE918I01026,2023-01-04,2023-01-03T18:30:00.000Z,2023-01-04T12:00:34.640Z,2023-01-04T12:00:34.640Z,0,,1551.82,04-Jan-2023,
322,63b6bbe00274fd00070366db,BAJAJFINSV,EQ,N,1548.0,1454.7,1548.0,1468.85,1466.8,1547.85,5979381,8825962220.15,18621.0,1454.7,250364,INE918I01026,2023-01-05,2023-01-04T18:30:00.000Z,2023-01-05T12:00:32.797Z,2023-01-05T12:00:32.797Z,0,,1476.07,05-Jan-2023,
323,63ce938162e219000737db19,BAJAJFINSV,EQ,N,1725.0,1674.0,1684.0,1719.25,1723.8,1688.3,1551410,2645902221.7,19325.0,1621.0,60407,INE918I01026,2022-10-17,2022-10-16T18:30:00.000Z,2023-01-23T14:02:41.773Z,2023-01-23T14:02:41.773Z,0,,1705.48,17-Oct-2022,
324,63ce93903853d80007381f7f,BAJAJFINSV,EQ,N,1736.25,1712.0,1730.0,1726.25,1726.0,1719.25,1661431,2865731305.55,19325.0,1621.0,70746,INE918I01026,2022-10-18,2022-10-17T18:30:00.000Z,2023-01-23T14:02:56.088Z,2023-01-23T14:02:56.088Z,0,,1724.86,18-Oct-2022,
325,634fec7fcf925b0006870426,BAJAJFINSV,EQ,N,1731.0,1692.4,1725.0,1698.8,1699.5,1726.25,1804532,3088971377.85,19325.0,1621.0,61526,INE918I01026,2022-10-19,2022-10-18T18:30:00.000Z,2022-10-19T12:24:31.159Z,2022-10-19T12:24:31.159Z,0,,1711.79,19-Oct-2022,
326,6351387e13530000074b8831,BAJAJFINSV,EQ,N,1730.0,1676.5,1687.0,1725.7,1727.5,1698.8,1438398,2456524516.2,19325.0,1621.0,49634,INE918I01026,2022-10-20,2022-10-19T18:30:00.000Z,2022-10-20T12:01:02.482Z,2022-10-20T12:01:02.482Z,0,,1707.82,20-Oct-2022,
327,6458c0547a898b00071881ed,BAJAJFINSV,EQ,N,1740.4,1675.1,1731.5,1684.45,1681.95,1725.7,2734130,4657977843.7,19325.0,1621.0,89266,INE918I01026,2022-10-21,2022-10-20T18:30:00.000Z,2023-05-08T09:26:44.375Z,2023-05-08T09:26:44.375Z,0,,1703.64,21-Oct-2022,
328,6356a88de079b1000760b4b0,BAJAJFINSV,EQ,N,1724.2,1693.0,1712.85,1701.8,1700.0,1684.45,499690,853377765.7,18947.0,1621.0,32375,INE918I01026,2022-10-24,2022-10-23T18:30:00.000Z,2022-10-24T15:00:29.553Z,2022-10-24T15:00:29.553Z,0,,1707.81,24-Oct-2022,
329,6357cfe664db870007454f4e,BAJAJFINSV,EQ,N,1700.9,1655.0,1700.0,1658.55,1657.0,1701.8,1870289,3123805656.5,18947.0,1621.0,90439,INE918I01026,2022-10-25,2022-10-24T18:30:00.000Z,2022-10-25T12:00:38.552Z,2022-10-25T12:00:38.552Z,0,,1670.23,25-Oct-2022,
330,635a72e3e9c95900075d0cfd,BAJAJFINSV,EQ,N,1676.55,1621.0,1671.65,1630.95,1631.95,1658.55,2177395,3570353427.25,18947.0,1621.0,108309,INE918I01026,2022-10-27,2022-10-26T18:30:00.000Z,2022-10-27T12:00:35.353Z,2022-10-27T12:00:35.353Z,0,,1639.74,27-Oct-2022,
331,635bc4661ae954000774afd6,BAJAJFINSV,EQ,N,1660.5,1635.0,1639.15,1653.4,1652.5,1630.95,2115388,3488074813.0,18947.0,1621.0,69612,INE918I01026,2022-10-28,2022-10-27T18:30:00.000Z,2022-10-28T12:00:38.522Z,2022-10-28T12:00:38.522Z,0,,1648.91,28-Oct-2022,
332,635fb8fef9a97d0007e14542,BAJAJFINSV,EQ,N,1689.85,1662.15,1665.0,1687.5,1687.5,1653.4,2217631,3721240721.8,18621.0,1621.0,55757,INE918I01026,2022-10-31,2022-10-30T18:30:00.000Z,2022-10-31T12:01:02.730Z,2022-10-31T12:01:02.730Z,0,,1678.03,31-Oct-2022,
333,63610a7fe70a7c00070be7b8,BAJAJFINSV,EQ,N,1714.7,1691.0,1692.0,1709.05,1708.9,1687.5,2002317,3414541219.9,18621.0,1621.0,57109,INE918I01026,2022-11-01,2022-10-31T18:30:00.000Z,2022-11-01T12:01:03.191Z,2022-11-01T12:01:03.191Z,0,,1705.3,01-Nov-2022,
334,63625bff9686a200072234ad,BAJAJFINSV,EQ,N,1722.5,1699.25,1705.0,1710.4,1711.0,1709.05,2036615,3485118604.95,18621.0,1621.0,41459,INE918I01026,2022-11-02,2022-11-01T18:30:00.000Z,2022-11-02T12:01:03.078Z,2022-11-02T12:01:03.078Z,0,,1711.23,02-Nov-2022,
335,6363ad63e8e06a0007c519ba,BAJAJFINSV,EQ,N,1732.5,1694.0,1697.9,1723.5,1723.0,1710.4,2205874,3797711437.75,18621.0,1621.0,51892,INE918I01026,2022-11-03,2022-11-02T18:30:00.000Z,2022-11-03T12:00:35.997Z,2022-11-03T12:00:35.997Z,0,,1721.64,03-Nov-2022,
336,6364fedc52e5ad0007d29fbd,BAJAJFINSV,EQ,N,1805.0,1721.05,1722.9,1800.7,1800.65,1723.5,6981242,12440253648.45,18621.0,1621.0,167821,INE918I01026,2022-11-04,2022-11-03T18:30:00.000Z,2022-11-04T12:00:28.915Z,2022-11-04T12:00:28.915Z,0,,1781.95,04-Nov-2022,
337,6368f362ea65ae0007eb1521,BAJAJFINSV,EQ,N,1817.9,1765.55,1813.2,1778.05,1779.85,1800.7,2464569,4405810394.75,18621.0,1621.0,80721,INE918I01026,2022-11-07,2022-11-06T18:30:00.000Z,2022-11-07T12:00:34.637Z,2022-11-07T12:00:34.637Z,0,,1787.66,07-Nov-2022,
338,636b96639fc50d00077a4ada,BAJAJFINSV,EQ,N,1798.0,1745.55,1797.7,1752.7,1755.0,1778.05,1762741,3114814601.0,18621.0,1621.0,57545,INE918I01026,2022-11-09,2022-11-08T18:30:00.000Z,2022-11-09T12:00:35.651Z,2022-11-09T12:00:35.651Z,0,,1767.03,09-Nov-2022,
339,636ce7e39fc50d0007aca427,BAJAJFINSV,EQ,N,1756.9,1694.0,1745.0,1700.35,1705.0,1752.7,2030748,3475656357.75,18621.0,1621.0,80833,INE918I01026,2022-11-10,2022-11-09T18:30:00.000Z,2022-11-10T12:00:35.825Z,2022-11-10T12:00:35.825Z,0,,1711.52,10-Nov-2022,
340,636e396231b6440007d9c34a,BAJAJFINSV,EQ,N,1748.0,1707.35,1740.0,1719.25,1719.0,1700.35,1671510,2886955851.6,18621.0,1621.0,67644,INE918I01026,2022-11-11,2022-11-10T18:30:00.000Z,2022-11-11T12:00:34.841Z,2022-11-11T12:00:34.841Z,0,,1727.15,11-Nov-2022,
341,637331994391210007c5cff5,BAJAJFINSV,EQ,N,1735.0,1708.15,1724.0,1718.35,1721.0,1719.25,1459293,2512024683.7,18621.0,1621.0,44479,INE918I01026,2022-11-14,2022-11-13T18:30:00.000Z,2022-11-15T06:28:41.614Z,2022-11-15T06:28:41.614Z,0,,1721.4,14-Nov-2022,
342,63737f7e0f8197000847b12a,BAJAJFINSV,EQ,N,1729.8,1696.3,1723.4,1708.5,1712.55,1718.35,1401141,2392665358.4,18621.0,1621.0,49447,INE918I01026,2022-11-15,2022-11-14T18:30:00.000Z,2022-11-15T12:01:02.785Z,2022-11-15T12:01:02.785Z,0,,1707.65,15-Nov-2022,
343,6374d0e3476c500007eef2a1,BAJAJFINSV,EQ,N,1714.5,1675.0,1713.7,1685.65,1684.5,1708.5,2040699,3445953645.75,18621.0,1621.0,80772,INE918I01026,2022-11-16,2022-11-15T18:30:00.000Z,2022-11-16T12:00:35.500Z,2022-11-16T12:00:35.500Z,0,,1688.61,16-Nov-2022,
344,6376227f7af31f0007533760,BAJAJFINSV,EQ,N,1699.95,1660.2,1685.6,1664.6,1663.2,1685.65,1875515,3138773355.3,18621.0,1621.0,58700,INE918I01026,2022-11-17,2022-11-16T18:30:00.000Z,2022-11-17T12:01:03.586Z,2022-11-17T12:01:03.586Z,0,,1673.55,17-Nov-2022,
345,6377740059851f000793168d,BAJAJFINSV,EQ,N,1674.65,1641.2,1668.0,1654.4,1657.0,1664.6,1581747,2618315665.15,18621.0,1621.0,56512,INE918I01026,2022-11-18,2022-11-17T18:30:00.000Z,2022-11-18T12:01:04.893Z,2022-11-18T12:01:04.893Z,0,,1655.33,18-Nov-2022,
346,637b6862463ad400077b11a5,BAJAJFINSV,EQ,N,1657.7,1625.0,1654.4,1635.85,1635.0,1654.4,1943750,3179888852.45,18621.0,1621.0,71694,INE918I01026,2022-11-21,2022-11-20T18:30:00.000Z,2022-11-21T12:00:34.969Z,2022-11-21T12:00:34.969Z,0,,1635.96,21-Nov-2022,
347,637cba0098bcc20007be451c,BAJAJFINSV,EQ,N,1659.9,1632.0,1635.05,1643.35,1645.05,1635.85,1508906,2477115562.2,18621.0,1621.0,57461,INE918I01026,2022-11-22,2022-11-21T18:30:00.000Z,2022-11-22T12:01:04.542Z,2022-11-22T12:01:04.542Z,0,,1641.66,22-Nov-2022,
348,637e0b7e70aa60000754446c,BAJAJFINSV,EQ,N,1656.0,1630.05,1651.6,1636.2,1635.0,1643.35,1837952,3022421033.35,18621.0,1621.0,77212,INE918I01026,2022-11-23,2022-11-22T18:30:00.000Z,2022-11-23T12:01:02.087Z,2022-11-23T12:01:02.087Z,0,,1644.45,23-Nov-2022,
349,637f5cfeb092ab000748ab38,BAJAJFINSV,EQ,N,1647.45,1620.0,1639.0,1634.0,1632.1,1636.2,1660403,2709549970.45,18621.0,1620.0,84451,INE918I01026,2022-11-24,2022-11-23T18:30:00.000Z,2022-11-24T12:01:02.430Z,2022-11-24T12:01:02.430Z,0,,1631.86,24-Nov-2022,
350,6380ae8051c71c00078f2ea3,BAJAJFINSV,EQ,N,1646.95,1624.5,1634.0,1633.7,1633.0,1634.0,1140578,1864726177.15,18621.0,1620.0,43931,INE918I01026,2022-11-25,2022-11-24T18:30:00.000Z,2022-11-25T12:01:04.543Z,2022-11-25T12:01:04.543Z,0,,1634.9,25-Nov-2022,
351,63ce91e73920dc000743feac,BAJAJFINSV,EQ,N,17144.0,16810.3,16950.0,17055.6,17060.0,16968.95,320773,5456515854.9,19325.0,10727.2,55354,INE918I01018,2022-09-07,2022-09-06T18:30:00.000Z,2023-01-23T13:55:51.210Z,2023-01-23T13:55:51.210Z,0,,17010.52,07-Sep-2022,
352,63ce91f6d0a9900007ad9d34,BAJAJFINSV,EQ,N,17490.0,17042.0,17280.0,17382.85,17405.0,17055.6,430117,7405747979.15,19325.0,10727.2,71654,INE918I01018,2022-09-08,2022-09-07T18:30:00.000Z,2023-01-23T13:56:06.451Z,2023-01-23T13:56:06.451Z,0,,17217.98,08-Sep-2022,
353,63ce9204f1500d00079a7f53,BAJAJFINSV,EQ,N,17585.0,17154.05,17550.0,17205.65,17220.0,17382.85,395730,6853975012.25,19325.0,10727.2,67648,INE918I01018,2022-09-09,2022-09-08T18:30:00.000Z,2023-01-23T13:56:20.961Z,2023-01-23T13:56:20.961Z,0,,17319.83,09-Sep-2022,
354,63ce92143920dc00074408a0,BAJAJFINSV,EQ,N,17420.0,17052.2,17380.0,17138.05,17238.25,17205.65,425082,7329636355.6,19325.0,10727.2,73755,INE918I01018,2022-09-12,2022-09-11T18:30:00.000Z,2023-01-23T13:56:36.037Z,2023-01-23T13:56:36.037Z,0,,17242.88,12-Sep-2022,
355,63ce9349ed0f3900079bfa4a,BAJAJFINSV,EQ,N,1844.0,1750.0,1755.0,1784.75,1795.1,17138.05,10413183,18709917795.8,19325.0,1750.0,405245,INE918I01018,2022-09-13,2022-09-12T18:30:00.000Z,2023-01-23T14:01:45.453Z,2023-01-23T14:01:45.453Z,0,,1796.75,13-Sep-2022,"[{'symbol': 'BAJAJFINSV', 'series': 'EQ', 'ind': '-', 'faceVal': '1', 'subject': 'Bonus 1:1', 'exDate': '13-Sep-2022', 'recDate': '14-Sep-2022', 'bcStartDate': '-', 'bcEndDate': '-', 'ndStartDate': '-', 'comp': 'Bajaj Finserv Limited', 'isin': 'INE918I01018', 'ndEndDate': '-', 'caBroadcastDate': None}, {'symbol': 'BAJAJFINSV', 'series': 'EQ', 'ind': '-', 'faceVal': '1', 'subject': 'Face Value Split (Sub-Division) - From Rs 5/- Per Share To Re 1/- Per Share', 'exDate': '13-Sep-2022', 'recDate': '14-Sep-2022', 'bcStartDate': '-', 'bcEndDate': '-', 'ndStartDate': '-', 'comp': 'Bajaj Finserv Limited', 'isin': 'INE918I01018', 'ndEndDate': '-', 'caBroadcastDate': None}]"
356,63ce934fed0f3900079bfdd9,BAJAJFINSV,EQ,N,1813.45,1752.0,1769.0,1805.35,1809.5,1784.75,3784309,6777131571.8,19325.0,1750.0,150999,INE918I01026,2022-09-14,2022-09-13T18:30:00.000Z,2023-01-23T14:01:51.634Z,2023-01-23T14:01:51.634Z,0,,1790.85,14-Sep-2022,
357,63ce9241f1500d00079a8b59,BAJAJFINSV,EQ,N,1823.95,1770.0,1815.0,1772.2,1772.1,1805.35,3051984,5445845201.5,19325.0,1750.0,139451,INE918I01026,2022-09-15,2022-09-14T18:30:00.000Z,2023-01-23T13:57:21.529Z,2023-01-23T13:57:21.529Z,0,,1784.36,15-Sep-2022,
358,63ce9250a34e360007d124a5,BAJAJFINSV,EQ,N,1785.5,1712.0,1772.2,1734.9,1736.0,1772.2,3277213,5731209366.75,19325.0,1712.0,160580,INE918I01026,2022-09-16,2022-09-15T18:30:00.000Z,2023-01-23T13:57:36.927Z,2023-01-23T13:57:36.927Z,0,,1748.81,16-Sep-2022,
359,63ce9260c7307c0007da4481,BAJAJFINSV,EQ,N,1779.3,1737.0,1738.55,1765.95,1764.0,1734.9,2309647,4076302569.25,19325.0,1712.0,133198,INE918I01026,2022-09-19,2022-09-18T18:30:00.000Z,2023-01-23T13:57:52.610Z,2023-01-23T13:57:52.610Z,0,,1764.9,19-Sep-2022,
360,63ce926eea62a90007765dd4,BAJAJFINSV,EQ,N,1812.95,1780.0,1785.0,1799.6,1800.45,1765.95,2832208,5102723718.8,19325.0,1712.0,90192,INE918I01026,2022-09-20,2022-09-19T18:30:00.000Z,2023-01-23T13:58:06.972Z,2023-01-23T13:58:06.972Z,0,,1801.68,20-Sep-2022,
361,63ce92803920dc000744129c,BAJAJFINSV,EQ,N,1820.0,1778.05,1800.0,1802.0,1803.15,1799.6,2080898,3745952361.05,19325.0,1712.0,77977,INE918I01026,2022-09-21,2022-09-20T18:30:00.000Z,2023-01-23T13:58:24.299Z,2023-01-23T13:58:24.299Z,0,,1800.16,21-Sep-2022,
362,63ce928dbca9320007ec267a,BAJAJFINSV,EQ,N,1788.0,1733.0,1786.8,1772.35,1778.95,1802.0,4480817,7903849413.15,19325.0,1712.0,155420,INE918I01026,2022-09-22,2022-09-21T18:30:00.000Z,2023-01-23T13:58:37.967Z,2023-01-23T13:58:37.967Z,0,,1763.93,22-Sep-2022,
363,63ce929cc5be40000736956d,BAJAJFINSV,EQ,N,1778.2,1714.4,1772.0,1721.9,1722.95,1772.35,2759913,4810143189.35,19325.0,1712.0,119038,INE918I01026,2022-09-23,2022-09-22T18:30:00.000Z,2023-01-23T13:58:52.863Z,2023-01-23T13:58:52.863Z,0,,1742.86,23-Sep-2022,
364,63ce92afc7307c0007da4ee7,BAJAJFINSV,EQ,N,1745.1,1661.5,1700.0,1676.8,1677.0,1721.9,4915173,8342197548.35,19325.0,1661.5,146939,INE918I01026,2022-09-26,2022-09-25T18:30:00.000Z,2023-01-23T13:59:11.257Z,2023-01-23T13:59:11.257Z,0,,1697.23,26-Sep-2022,
365,63ce92bceb800e000702884e,BAJAJFINSV,EQ,N,1715.75,1665.0,1688.5,1679.55,1685.0,1676.8,2624336,4419439499.9,19325.0,1661.5,95779,INE918I01026,2022-09-27,2022-09-26T18:30:00.000Z,2023-01-23T13:59:24.616Z,2023-01-23T13:59:24.616Z,0,,1684.02,27-Sep-2022,
366,63ce92cbea62a90007766857,BAJAJFINSV,EQ,N,1678.9,1645.25,1670.0,1652.2,1647.0,1679.55,2114266,3514592375.4,19325.0,1645.25,91732,INE918I01026,2022-09-28,2022-09-27T18:30:00.000Z,2023-01-23T13:59:39.619Z,2023-01-23T13:59:39.619Z,0,,1662.32,28-Sep-2022,
367,63ce92daf1500d00079a9582,BAJAJFINSV,EQ,N,1685.0,1628.0,1671.95,1635.9,1632.9,1652.2,2418856,4000112264.35,19325.0,1628.0,123313,INE918I01026,2022-09-29,2022-09-28T18:30:00.000Z,2023-01-23T13:59:54.840Z,2023-01-23T13:59:54.840Z,0,,1653.72,29-Sep-2022,
368,63ce9315ed0f3900079bf162,BAJAJFINSV,EQ,N,1699.0,1621.0,1625.75,1678.35,1689.0,1635.9,2788387,4655532308.5,19325.0,1621.0,105000,INE918I01026,2022-09-30,2022-09-29T18:30:00.000Z,2023-01-23T14:00:53.583Z,2023-01-23T14:00:53.583Z,0,,1669.61,30-Sep-2022,
369,63ce92fac8ca820007f8d640,BAJAJFINSV,EQ,N,1686.0,1638.0,1686.0,1646.6,1645.0,1678.35,1464138,2437859572.65,19325.0,1621.0,68215,INE918I01026,2022-10-03,2022-10-02T18:30:00.000Z,2023-01-23T14:00:26.566Z,2023-01-23T14:00:26.566Z,0,,1665.05,03-Oct-2022,
370,63ce9309d0a9900007ada744,BAJAJFINSV,EQ,N,1705.0,1670.05,1682.0,1701.15,1702.9,1646.6,1806381,3049602775.9,19325.0,1621.0,67335,INE918I01026,2022-10-04,2022-10-03T18:30:00.000Z,2023-01-23T14:00:41.110Z,2023-01-23T14:00:41.110Z,0,,1688.24,04-Oct-2022,
371,63ce9317eb800e00070291f6,BAJAJFINSV,EQ,N,1724.15,1694.9,1718.0,1710.55,1711.7,1701.15,1661891,2836343071.75,19325.0,1621.0,83029,INE918I01026,2022-10-06,2022-10-05T18:30:00.000Z,2023-01-23T14:00:55.552Z,2023-01-23T14:00:55.552Z,0,,1706.7,06-Oct-2022,
372,63ce93263920dc0007441d3c,BAJAJFINSV,EQ,N,1709.85,1684.5,1708.0,1699.0,1699.5,1710.55,1150275,1951676440.95,19325.0,1621.0,52651,INE918I01026,2022-10-07,2022-10-06T18:30:00.000Z,2023-01-23T14:01:10.786Z,2023-01-23T14:01:10.786Z,0,,1696.7,07-Oct-2022,
373,63ce9335c8ca820007f8e1e3,BAJAJFINSV,EQ,N,1693.95,1657.0,1675.3,1684.4,1685.4,1699.0,1229639,2062097798.35,19325.0,1621.0,58873,INE918I01026,2022-10-10,2022-10-09T18:30:00.000Z,2023-01-23T14:01:25.526Z,2023-01-23T14:01:25.526Z,0,,1676.99,10-Oct-2022,
374,63ce9344c5be40000736a224,BAJAJFINSV,EQ,N,1707.05,1665.0,1684.4,1672.65,1670.85,1684.4,1402150,2368713768.5,19325.0,1621.0,62376,INE918I01026,2022-10-11,2022-10-10T18:30:00.000Z,2023-01-23T14:01:40.759Z,2023-01-23T14:01:40.759Z,0,,1689.34,11-Oct-2022,
375,63ce9353989df5000759f7e3,BAJAJFINSV,EQ,N,1701.6,1667.4,1681.05,1694.65,1694.0,1672.65,1538819,2595779558.65,19325.0,1621.0,57364,INE918I01026,2022-10-12,2022-10-11T18:30:00.000Z,2023-01-23T14:01:55.568Z,2023-01-23T14:01:55.568Z,0,,1686.86,12-Oct-2022,
376,63ce9362c7307c0007da5903,BAJAJFINSV,EQ,N,1694.55,1666.45,1692.95,1681.75,1681.7,1694.65,1065166,1787684010.55,19325.0,1621.0,41097,INE918I01026,2022-10-13,2022-10-12T18:30:00.000Z,2023-01-23T14:02:10.662Z,2023-01-23T14:02:10.662Z,0,,1678.31,13-Oct-2022,
377,63ce93723853d800073815eb,BAJAJFINSV,EQ,N,1709.0,1685.1,1709.0,1688.3,1690.0,1681.75,1239168,2101099185.15,19325.0,1621.0,44289,INE918I01026,2022-10-14,2022-10-13T18:30:00.000Z,2023-01-23T14:02:26.450Z,2023-01-23T14:02:26.450Z,0,,1695.57,14-Oct-2022,
378,63ce938162e219000737db19,BAJAJFINSV,EQ,N,1725.0,1674.0,1684.0,1719.25,1723.8,1688.3,1551410,2645902221.7,19325.0,1621.0,60407,INE918I01026,2022-10-17,2022-10-16T18:30:00.000Z,2023-01-23T14:02:41.773Z,2023-01-23T14:02:41.773Z,0,,1705.48,17-Oct-2022,
379,63ce906c3920dc000743c9a1,BAJAJFINSV,EQ,N,15201.0,14812.15,15000.0,15047.6,15007.0,14642.05,1044235,15706035702.0,19325.0,10727.2,138309,INE918I01018,2022-07-29,2022-07-28T18:30:00.000Z,2023-01-23T13:49:32.420Z,2023-01-23T13:49:32.420Z,0,,15040.71,29-Jul-2022,
380,63ce907bc8ca820007f8aa46,BAJAJFINSV,EQ,N,15250.0,14931.0,15199.95,15073.1,15061.3,15047.6,432016,6494448204.3,19325.0,10727.2,67140,INE918I01018,2022-08-01,2022-07-31T18:30:00.000Z,2023-01-23T13:49:47.402Z,2023-01-23T13:49:47.402Z,0,,15032.89,01-Aug-2022,
381,63ce908ac8ca820007f8b40b,BAJAJFINSV,EQ,N,15290.0,14861.35,15000.0,15224.15,15170.0,15073.1,424893,6428584990.15,19325.0,10727.2,63863,INE918I01018,2022-08-02,2022-08-01T18:30:00.000Z,2023-01-23T13:50:02.949Z,2023-01-23T13:50:02.949Z,0,,15129.89,02-Aug-2022,
382,63ce9099eb800e000702736f,BAJAJFINSV,EQ,N,15338.0,15115.35,15210.0,15243.9,15225.0,15224.15,309650,4712298877.85,19325.0,10727.2,48164,INE918I01018,2022-08-03,2022-08-02T18:30:00.000Z,2023-01-23T13:50:17.631Z,2023-01-23T13:50:17.631Z,0,,15218.15,03-Aug-2022,
383,63ce90a8c8ca820007f8be59,BAJAJFINSV,EQ,N,15406.95,15055.0,15349.0,15185.3,15176.0,15243.9,311361,4745557331.05,19325.0,10727.2,47447,INE918I01018,2022-08-04,2022-08-03T18:30:00.000Z,2023-01-23T13:50:32.719Z,2023-01-23T13:50:32.719Z,0,,15241.34,04-Aug-2022,
384,63ce90b7c8ca820007f8c802,BAJAJFINSV,EQ,N,15251.0,15023.4,15176.0,15085.85,15055.0,15185.3,207847,3151280498.1,19325.0,10727.2,36220,INE918I01018,2022-08-05,2022-08-04T18:30:00.000Z,2023-01-23T13:50:47.974Z,2023-01-23T13:50:47.974Z,0,,15161.54,05-Aug-2022,
385,63ce90c73920dc000743d676,BAJAJFINSV,EQ,N,15589.0,15040.75,15065.0,15530.65,15528.5,15085.85,487073,7500215075.1,19325.0,10727.2,65527,INE918I01018,2022-08-08,2022-08-07T18:30:00.000Z,2023-01-23T13:51:03.475Z,2023-01-23T13:51:03.475Z,0,,15398.54,08-Aug-2022,
386,63ce90d63920dc000743e121,BAJAJFINSV,EQ,N,15674.0,15426.0,15530.0,15643.2,15648.0,15530.65,442548,6893010272.6,19325.0,10727.2,57050,INE918I01018,2022-08-10,2022-08-09T18:30:00.000Z,2023-01-23T13:51:18.186Z,2023-01-23T13:51:18.186Z,0,,15575.73,10-Aug-2022,
387,63ce90e53853d800073807ce,BAJAJFINSV,EQ,N,15930.0,15701.2,15930.0,15736.95,15725.0,15643.2,253651,4007236627.0,19325.0,10727.2,41434,INE918I01018,2022-08-11,2022-08-10T18:30:00.000Z,2023-01-23T13:51:33.758Z,2023-01-23T13:51:33.758Z,0,,15798.23,11-Aug-2022,
388,63ce90f4c5be400007368b4a,BAJAJFINSV,EQ,N,15888.4,15680.0,15770.0,15765.45,15763.0,15736.95,205251,3242274980.75,19325.0,10727.2,32269,INE918I01018,2022-08-12,2022-08-11T18:30:00.000Z,2023-01-23T13:51:48.433Z,2023-01-23T13:51:48.433Z,0,,15796.63,12-Aug-2022,
389,63ce9103c7c0c80007dbfbdf,BAJAJFINSV,EQ,N,15970.0,15810.0,15815.0,15915.75,15930.0,15765.45,152219,2422063285.5,19325.0,10727.2,24360,INE918I01018,2022-08-16,2022-08-15T18:30:00.000Z,2023-01-23T13:52:03.529Z,2023-01-23T13:52:03.529Z,0,,15911.7,16-Aug-2022,
390,63ce9112a34e360007d11791,BAJAJFINSV,EQ,N,17141.5,15930.0,15977.0,16840.3,16805.0,15915.75,943581,15778390417.95,19325.0,10727.2,137830,INE918I01018,2022-08-17,2022-08-16T18:30:00.000Z,2023-01-23T13:52:18.801Z,2023-01-23T13:52:18.801Z,0,,16721.82,17-Aug-2022,
391,63ce91225be31100068f2ff4,BAJAJFINSV,EQ,N,16989.0,16620.65,16880.0,16805.9,16826.05,16840.3,361659,6074124116.7,19325.0,10727.2,61881,INE918I01018,2022-08-18,2022-08-17T18:30:00.000Z,2023-01-23T13:52:34.620Z,2023-01-23T13:52:34.620Z,0,,16795.17,18-Aug-2022,
392,63ce913162e219000737cf6a,BAJAJFINSV,EQ,N,16947.0,16125.0,16880.0,16287.6,16285.0,16805.9,512683,8440008232.65,19325.0,10727.2,83140,INE918I01018,2022-08-19,2022-08-18T18:30:00.000Z,2023-01-23T13:52:49.252Z,2023-01-23T13:52:49.252Z,0,,16462.43,19-Aug-2022,
393,63ce9140262b0c000763f99f,BAJAJFINSV,EQ,N,16298.75,15815.85,16288.0,15871.7,15885.0,16287.6,372201,5952758705.85,19325.0,10727.2,62726,INE918I01018,2022-08-22,2022-08-21T18:30:00.000Z,2023-01-23T13:53:04.081Z,2023-01-23T13:53:04.081Z,0,,15993.4,22-Aug-2022,
394,63ce914f8e4da900077afc78,BAJAJFINSV,EQ,N,16520.5,15671.7,15799.9,16303.9,16350.1,15871.7,706407,11491145871.05,19325.0,10727.2,101217,INE918I01018,2022-08-23,2022-08-22T18:30:00.000Z,2023-01-23T13:53:19.244Z,2023-01-23T13:53:19.244Z,0,,16267.03,23-Aug-2022,
395,63ce915e3920dc000743eae8,BAJAJFINSV,EQ,N,16426.4,16180.25,16295.0,16333.85,16311.0,16303.9,264919,4317781049.3,19325.0,10727.2,42365,INE918I01018,2022-08-24,2022-08-23T18:30:00.000Z,2023-01-23T13:53:34.361Z,2023-01-23T13:53:34.361Z,0,,16298.5,24-Aug-2022,
396,63ce916dc943230007f88dd9,BAJAJFINSV,EQ,N,16595.0,16200.0,16415.55,16246.3,16220.0,16333.85,369315,6060937923.8,19325.0,10727.2,52313,INE918I01018,2022-08-25,2022-08-24T18:30:00.000Z,2023-01-23T13:53:49.379Z,2023-01-23T13:53:49.379Z,0,,16411.3,25-Aug-2022,
397,63ce917cc943230007f89780,BAJAJFINSV,EQ,N,16506.55,16256.35,16423.0,16286.0,16325.0,16246.3,207178,3387461049.3,19325.0,10727.2,30516,INE918I01018,2022-08-26,2022-08-25T18:30:00.000Z,2023-01-23T13:54:04.540Z,2023-01-23T13:54:04.540Z,0,,16350.49,26-Aug-2022,
398,63ce918bc943230007f8a14c,BAJAJFINSV,EQ,N,16190.0,15711.0,15726.0,16086.4,16125.1,16286.0,307940,4933811567.35,19325.0,10727.2,50583,INE918I01018,2022-08-29,2022-08-28T18:30:00.000Z,2023-01-23T13:54:19.817Z,2023-01-23T13:54:19.817Z,0,,16021.99,29-Aug-2022,
399,63ce919abca9320007ec18cd,BAJAJFINSV,EQ,N,17000.0,16370.0,16390.0,16962.15,16958.75,16086.4,766144,12895543724.45,19325.0,10727.2,111898,INE918I01018,2022-08-30,2022-08-29T18:30:00.000Z,2023-01-23T13:54:34.858Z,2023-01-23T13:54:34.858Z,0,,16831.75,30-Aug-2022,
400,63ce91aaa6943c000749dc9b,BAJAJFINSV,EQ,N,17686.95,16804.5,16810.0,17406.4,17440.0,16962.15,1017192,17697354931.5,19325.0,10727.2,158118,INE918I01018,2022-09-01,2022-08-31T18:30:00.000Z,2023-01-23T13:54:50.656Z,2023-01-23T13:54:50.656Z,0,,17398.24,01-Sep-2022,
401,63ce91b9c7c0c80007dc0539,BAJAJFINSV,EQ,N,17845.0,17250.0,17695.0,17329.25,17330.0,17406.4,694408,12108883522.6,19325.0,10727.2,107950,INE918I01018,2022-09-02,2022-09-01T18:30:00.000Z,2023-01-23T13:55:05.901Z,2023-01-23T13:55:05.901Z,0,,17437.71,02-Sep-2022,
402,63ce91c9eb800e0007027d74,BAJAJFINSV,EQ,N,17528.9,17205.05,17420.0,17376.1,17394.0,17329.25,370053,6425123521.4,19325.0,10727.2,56557,INE918I01018,2022-09-05,2022-09-04T18:30:00.000Z,2023-01-23T13:55:21.121Z,2023-01-23T13:55:21.121Z,0,,17362.71,05-Sep-2022,
403,63ce91d83920dc000743f4b0,BAJAJFINSV,EQ,N,17486.0,16931.3,17425.0,16968.95,17007.0,17376.1,507798,8703485511.85,19325.0,10727.2,83470,INE918I01018,2022-09-06,2022-09-05T18:30:00.000Z,2023-01-23T13:55:36.529Z,2023-01-23T13:55:36.529Z,0,,17139.66,06-Sep-2022,
404,63ce91e73920dc000743feac,BAJAJFINSV,EQ,N,17144.0,16810.3,16950.0,17055.6,17060.0,16968.95,320773,5456515854.9,19325.0,10727.2,55354,INE918I01018,2022-09-07,2022-09-06T18:30:00.000Z,2023-01-23T13:55:51.210Z,2023-01-23T13:55:51.210Z,0,,17010.52,07-Sep-2022,
405,642e4d967df0db0006dd2445,BAJAJFINSV,EQ,N,11850.0,11532.05,11850.0,11709.65,11710.0,11754.85,242858,2842149829.3,19325.0,11265.05,40801,INE918I01018,2022-06-20,2022-06-19T18:30:00.000Z,2023-04-06T04:41:58.737Z,2023-04-06T04:41:58.737Z,0,,11702.93,20-Jun-2022,
406,63ce8ec5c943230007f87941,BAJAJFINSV,EQ,N,11927.4,11679.9,11843.8,11749.9,11731.35,11709.65,307918,3632207442.85,19325.0,11265.05,41963,INE918I01018,2022-06-21,2022-06-20T18:30:00.000Z,2023-01-23T13:42:29.118Z,2023-01-23T13:42:29.118Z,0,,11796.02,21-Jun-2022,
407,63ce8ed4d0a9900007ad8549,BAJAJFINSV,EQ,N,11700.0,11350.0,11700.0,11435.55,11453.0,11749.9,284833,3260775769.3,19325.0,11265.05,41962,INE918I01018,2022-06-22,2022-06-21T18:30:00.000Z,2023-01-23T13:42:44.129Z,2023-01-23T13:42:44.129Z,0,,11448.03,22-Jun-2022,
408,63ce8ee3a34e360007d10274,BAJAJFINSV,EQ,N,11589.0,11314.85,11537.5,11552.85,11566.0,11435.55,253553,2916481740.3,19325.0,11265.05,43883,INE918I01018,2022-06-23,2022-06-22T18:30:00.000Z,2023-01-23T13:42:59.258Z,2023-01-23T13:42:59.258Z,0,,11502.45,23-Jun-2022,
409,63ce8ef2d0a9900007ad8f7d,BAJAJFINSV,EQ,N,11685.95,11430.0,11660.0,11582.95,11585.55,11552.85,366291,4239441194.3,19325.0,11265.05,46123,INE918I01018,2022-06-24,2022-06-23T18:30:00.000Z,2023-01-23T13:43:14.365Z,2023-01-23T13:43:14.365Z,0,,11573.97,24-Jun-2022,
410,63ce8f01ed0f3900079bd7ff,BAJAJFINSV,EQ,N,11780.0,11550.0,11780.0,11595.15,11580.0,11582.95,246370,2876776917.25,19325.0,11265.05,37053,INE918I01018,2022-06-27,2022-06-26T18:30:00.000Z,2023-01-23T13:43:29.461Z,2023-01-23T13:43:29.461Z,0,,11676.65,27-Jun-2022,
411,63ce8f10c5be4000073676b3,BAJAJFINSV,EQ,N,11550.0,11290.0,11547.55,11364.45,11370.0,11595.15,349057,3968986130.85,19325.0,11265.05,56387,INE918I01018,2022-06-28,2022-06-27T18:30:00.000Z,2023-01-23T13:43:44.521Z,2023-01-23T13:43:44.521Z,0,,11370.6,28-Jun-2022,
412,63ce8f1fc8ca820007f89bbb,BAJAJFINSV,EQ,N,11248.95,11040.5,11200.0,11109.75,11089.95,11364.45,390273,4354211676.55,19325.0,11040.5,61783,INE918I01018,2022-06-29,2022-06-28T18:30:00.000Z,2023-01-23T13:43:59.694Z,2023-01-23T13:43:59.694Z,0,,11156.84,29-Jun-2022,
413,63ce8f2ea34e360007d10d36,BAJAJFINSV,EQ,N,11196.0,10909.0,11149.0,10931.75,10923.0,11109.75,348184,3837363905.1,19325.0,10909.0,64333,INE918I01018,2022-06-30,2022-06-29T18:30:00.000Z,2023-01-23T13:44:14.873Z,2023-01-23T13:44:14.873Z,0,,11021.08,30-Jun-2022,"[{'symbol': 'BAJAJFINSV', 'series': 'EQ', 'ind': '-', 'faceVal': '1', 'subject': 'Dividend - Rs 4 Per Share', 'exDate': '30-Jun-2022', 'recDate': '01-Jul-2022', 'bcStartDate': '-', 'bcEndDate': '-', 'ndStartDate': '-', 'comp': 'Bajaj Finserv Limited', 'isin': 'INE918I01018', 'ndEndDate': '-', 'caBroadcastDate': None}]"
414,63ce8f3d3853d8000737f921,BAJAJFINSV,EQ,N,11343.0,10727.2,10920.0,11322.55,11315.0,10931.75,408983,4572367209.7,19325.0,10727.2,61114,INE918I01018,2022-07-01,2022-06-30T18:30:00.000Z,2023-01-23T13:44:29.952Z,2023-01-23T13:44:29.952Z,0,,11179.85,01-Jul-2022,
415,63ce8f4dc7c0c80007dbdf2a,BAJAJFINSV,EQ,N,11443.0,11215.2,11310.0,11388.3,11395.1,11322.55,300425,3410866170.2,19325.0,10727.2,48966,INE918I01018,2022-07-04,2022-07-03T18:30:00.000Z,2023-01-23T13:44:45.062Z,2023-01-23T13:44:45.062Z,0,,11353.47,04-Jul-2022,
416,63ce8f5cbca9320007ec04a9,BAJAJFINSV,EQ,N,11748.0,11409.75,11479.75,11524.7,11529.0,11388.3,422348,4903321621.9,19325.0,10727.2,62519,INE918I01018,2022-07-05,2022-07-04T18:30:00.000Z,2023-01-23T13:45:00.247Z,2023-01-23T13:45:00.247Z,0,,11609.67,05-Jul-2022,
417,63ce8f6bed0f3900079be1a8,BAJAJFINSV,EQ,N,12070.0,11530.0,11535.0,12028.5,12069.0,11524.7,478294,5658605293.6,19325.0,10727.2,73835,INE918I01018,2022-07-06,2022-07-05T18:30:00.000Z,2023-01-23T13:45:15.235Z,2023-01-23T13:45:15.235Z,0,,11830.81,06-Jul-2022,
418,63ce8f7a8e4da900077af19e,BAJAJFINSV,EQ,N,12200.0,11850.0,12168.0,11967.35,11958.0,12028.5,272925,3261338806.95,19325.0,10727.2,43054,INE918I01018,2022-07-07,2022-07-06T18:30:00.000Z,2023-01-23T13:45:30.389Z,2023-01-23T13:45:30.389Z,0,,11949.58,07-Jul-2022,
419,63ce8f89a6943c000749c7de,BAJAJFINSV,EQ,N,12127.3,11880.0,12050.0,12003.1,12007.0,11967.35,169011,2020431496.15,19325.0,10727.2,26701,INE918I01018,2022-07-08,2022-07-07T18:30:00.000Z,2023-01-23T13:45:45.687Z,2023-01-23T13:45:45.687Z,0,,11954.44,08-Jul-2022,
420,63ce8f98a6943c000749d19d,BAJAJFINSV,EQ,N,12046.55,11839.55,11895.0,11938.15,11917.0,12003.1,161368,1926423547.35,19325.0,10727.2,25353,INE918I01018,2022-07-11,2022-07-10T18:30:00.000Z,2023-01-23T13:46:00.726Z,2023-01-23T13:46:00.726Z,0,,11938.08,11-Jul-2022,
421,63ce8fa762e219000737c096,BAJAJFINSV,EQ,N,11990.0,11741.0,11880.0,11864.75,11821.0,11938.15,227244,2690830434.1,19325.0,10727.2,37731,INE918I01018,2022-07-12,2022-07-11T18:30:00.000Z,2023-01-23T13:46:15.735Z,2023-01-23T13:46:15.735Z,0,,11841.15,12-Jul-2022,
422,63ce8fb6c7c0c80007dbe8e9,BAJAJFINSV,EQ,N,12120.0,11720.0,11891.0,11770.2,11760.0,11864.75,267249,3184297235.9,19325.0,10727.2,41379,INE918I01018,2022-07-13,2022-07-12T18:30:00.000Z,2023-01-23T13:46:30.966Z,2023-01-23T13:46:30.966Z,0,,11915.1,13-Jul-2022,
423,63ce8fc5eb800e00070267fe,BAJAJFINSV,EQ,N,11956.8,11632.7,11863.15,11726.25,11718.85,11770.2,240544,2842648555.65,19325.0,10727.2,38131,INE918I01018,2022-07-14,2022-07-13T18:30:00.000Z,2023-01-23T13:46:45.957Z,2023-01-23T13:46:45.957Z,0,,11817.58,14-Jul-2022,
424,63ce8fd5f1500d00079a6933,BAJAJFINSV,EQ,N,11870.8,11680.0,11797.0,11840.25,11831.0,11726.25,171104,2013552475.4,19325.0,10727.2,27221,INE918I01018,2022-07-15,2022-07-14T18:30:00.000Z,2023-01-23T13:47:01.211Z,2023-01-23T13:47:01.211Z,0,,11768.0,15-Jul-2022,
425,63ce8fe4c943230007f88434,BAJAJFINSV,EQ,N,12286.6,11920.05,11940.0,12250.0,12255.0,11840.25,283483,3438477894.4,19325.0,10727.2,40709,INE918I01018,2022-07-18,2022-07-17T18:30:00.000Z,2023-01-23T13:47:16.315Z,2023-01-23T13:47:16.315Z,0,,12129.4,18-Jul-2022,
426,63ce8ff3c5be400007368043,BAJAJFINSV,EQ,N,12470.0,12093.05,12200.0,12444.8,12460.0,12250.0,423063,5223284343.2,19325.0,10727.2,54741,INE918I01018,2022-07-19,2022-07-18T18:30:00.000Z,2023-01-23T13:47:31.398Z,2023-01-23T13:47:31.398Z,0,,12346.35,19-Jul-2022,
427,63ce90025be31100068f2636,BAJAJFINSV,EQ,N,12638.0,12372.0,12638.0,12420.75,12382.85,12444.8,272147,3405636945.15,19325.0,10727.2,43406,INE918I01018,2022-07-20,2022-07-19T18:30:00.000Z,2023-01-23T13:47:46.525Z,2023-01-23T13:47:46.525Z,0,,12513.96,20-Jul-2022,
428,63ce9011bca9320007ec0ebc,BAJAJFINSV,EQ,N,12757.35,12381.05,12400.0,12716.45,12739.0,12420.75,271330,3414647047.0,19325.0,10727.2,36138,INE918I01018,2022-07-21,2022-07-20T18:30:00.000Z,2023-01-23T13:48:01.678Z,2023-01-23T13:48:01.678Z,0,,12584.85,21-Jul-2022,
429,63ce9020f1500d00079a736a,BAJAJFINSV,EQ,N,12865.0,12657.7,12825.65,12754.25,12724.55,12716.45,302422,3852913779.85,19325.0,10727.2,45852,INE918I01018,2022-07-22,2022-07-21T18:30:00.000Z,2023-01-23T13:48:16.780Z,2023-01-23T13:48:16.780Z,0,,12740.19,22-Jul-2022,
430,63ce902f3920dc000743b5e3,BAJAJFINSV,EQ,N,12794.95,12570.0,12700.0,12619.55,12592.0,12754.25,174702,2211656196.0,19325.0,10727.2,30015,INE918I01018,2022-07-25,2022-07-24T18:30:00.000Z,2023-01-23T13:48:31.861Z,2023-01-23T13:48:31.861Z,0,,12659.59,25-Jul-2022,
431,63ce903e989df5000759eaa2,BAJAJFINSV,EQ,N,13548.85,12790.0,13000.0,13313.0,13292.05,12619.55,1327024,17514917581.8,19325.0,10727.2,173312,INE918I01018,2022-07-26,2022-07-25T18:30:00.000Z,2023-01-23T13:48:46.973Z,2023-01-23T13:48:46.973Z,0,,13198.64,26-Jul-2022,
432,63ce904e3920dc000743c00a,BAJAJFINSV,EQ,N,13388.95,13009.55,13349.95,13307.05,13338.0,13313.0,533966,7047996090.85,19325.0,10727.2,76846,INE918I01018,2022-07-27,2022-07-26T18:30:00.000Z,2023-01-23T13:49:02.047Z,2023-01-23T13:49:02.047Z,0,,13199.33,27-Jul-2022,
433,63ce905dc7c0c80007dbf285,BAJAJFINSV,EQ,N,15223.25,13507.0,13507.0,14642.05,14650.0,13307.05,1627626,23312372022.65,19325.0,10727.2,250533,INE918I01018,2022-07-28,2022-07-27T18:30:00.000Z,2023-01-23T13:49:17.155Z,2023-01-23T13:49:17.155Z,0,,14322.93,28-Jul-2022,
434,63ce906c3920dc000743c9a1,BAJAJFINSV,EQ,N,15201.0,14812.15,15000.0,15047.6,15007.0,14642.05,1044235,15706035702.0,19325.0,10727.2,138309,INE918I01018,2022-07-29,2022-07-28T18:30:00.000Z,2023-01-23T13:49:32.420Z,2023-01-23T13:49:32.420Z,0,,15040.71,29-Jul-2022,
435,63ce8cff262b0c000763dadb,BAJAJFINSV,EQ,N,13979.2,13562.0,13820.0,13630.1,13610.55,13783.85,256312,3529590416.95,19325.0,10868.0,43737,INE918I01018,2022-05-10,2022-05-09T18:30:00.000Z,2023-01-23T13:34:55.625Z,2023-01-23T13:34:55.625Z,0,,13770.68,10-May-2022,
436,63ce8d0ec8ca820007f8922f,BAJAJFINSV,EQ,N,13830.65,13152.05,13725.0,13329.8,13330.0,13630.1,291848,3921776077.2,19325.0,10868.0,54652,INE918I01018,2022-05-11,2022-05-10T18:30:00.000Z,2023-01-23T13:35:10.765Z,2023-01-23T13:35:10.765Z,0,,13437.73,11-May-2022,
437,63ce8d1d5be31100068efb51,BAJAJFINSV,EQ,N,13269.0,12750.0,13269.0,12850.7,12840.0,13329.8,325696,4211311859.75,19325.0,10868.0,71972,INE918I01018,2022-05-12,2022-05-11T18:30:00.000Z,2023-01-23T13:35:25.865Z,2023-01-23T13:35:25.865Z,0,,12930.19,12-May-2022,
438,63ce8d2dc7c0c80007dbc0f8,BAJAJFINSV,EQ,N,13234.75,12575.0,13129.0,12608.3,12585.95,12850.7,348764,4504846377.95,19325.0,10868.0,73245,INE918I01018,2022-05-13,2022-05-12T18:30:00.000Z,2023-01-23T13:35:41.246Z,2023-01-23T13:35:41.246Z,0,,12916.6,13-May-2022,
439,63ce8d3ca34e360007d0f80f,BAJAJFINSV,EQ,N,12778.7,12450.0,12700.0,12655.25,12668.35,12608.3,434004,5489315825.1,19325.0,10942.65,53695,INE918I01018,2022-05-16,2022-05-15T18:30:00.000Z,2023-01-23T13:35:56.124Z,2023-01-23T13:35:56.124Z,0,,12648.08,16-May-2022,
440,63ce8d4bf1500d00079a590a,BAJAJFINSV,EQ,N,13020.7,12630.0,12704.8,12972.1,12975.0,12655.25,428606,5496616966.8,19325.0,10942.65,56667,INE918I01018,2022-05-17,2022-05-16T18:30:00.000Z,2023-01-23T13:36:11.073Z,2023-01-23T13:36:11.073Z,0,,12824.41,17-May-2022,
441,63ce8d5ac943230007f8651b,BAJAJFINSV,EQ,N,13149.65,12610.05,13080.0,12762.15,12754.9,12972.1,374054,4811366227.35,19325.0,10942.65,62116,INE918I01018,2022-05-18,2022-05-17T18:30:00.000Z,2023-01-23T13:36:26.366Z,2023-01-23T13:36:26.366Z,0,,12862.76,18-May-2022,
442,63ce8d695be31100068f063f,BAJAJFINSV,EQ,N,12551.95,12173.8,12481.9,12413.85,12430.0,12762.15,286401,3540691726.05,19325.0,10942.65,57218,INE918I01018,2022-05-19,2022-05-18T18:30:00.000Z,2023-01-23T13:36:41.342Z,2023-01-23T13:36:41.342Z,0,,12362.71,19-May-2022,
443,63ce8d78d0a9900007ad6ce4,BAJAJFINSV,EQ,N,12699.0,12431.65,12639.0,12561.7,12545.15,12413.85,323330,4065084951.0,19325.0,10942.65,52232,INE918I01018,2022-05-20,2022-05-19T18:30:00.000Z,2023-01-23T13:36:56.385Z,2023-01-23T13:36:56.385Z,0,,12572.56,20-May-2022,
444,63ce8d87c7307c0007da2f86,BAJAJFINSV,EQ,N,12794.0,12500.0,12650.0,12572.9,12559.0,12561.7,278886,3539942604.9,19325.0,11095.0,39560,INE918I01018,2022-05-23,2022-05-22T18:30:00.000Z,2023-01-23T13:37:11.668Z,2023-01-23T13:37:11.668Z,0,,12693.15,23-May-2022,
445,63ce8d96d0a9900007ad76a8,BAJAJFINSV,EQ,N,12621.8,12287.75,12590.0,12357.3,12385.0,12572.9,255475,3173552972.1,19325.0,11095.0,41843,INE918I01018,2022-05-24,2022-05-23T18:30:00.000Z,2023-01-23T13:37:26.680Z,2023-01-23T13:37:26.680Z,0,,12422.17,24-May-2022,
446,63ce8da7ed0f3900079bc100,BAJAJFINSV,EQ,N,12588.1,12333.0,12445.0,12406.05,12400.0,12357.3,217599,2706826150.55,19325.0,11095.0,32145,INE918I01018,2022-05-25,2022-05-24T18:30:00.000Z,2023-01-23T13:37:43.134Z,2023-01-23T13:37:43.134Z,0,,12439.52,25-May-2022,
447,63ce8db4c5be4000073660a0,BAJAJFINSV,EQ,N,12585.0,12062.25,12450.0,12477.75,12557.0,12406.05,379204,4673578039.35,19325.0,11095.0,62152,INE918I01018,2022-05-26,2022-05-25T18:30:00.000Z,2023-01-23T13:37:56.927Z,2023-01-23T13:37:56.927Z,0,,12324.71,26-May-2022,
448,63ce8dc3262b0c000763e4dd,BAJAJFINSV,EQ,N,12890.0,12604.55,12650.0,12758.4,12800.0,12477.75,329534,4206758565.25,19325.0,11095.0,53383,INE918I01018,2022-05-27,2022-05-26T18:30:00.000Z,2023-01-23T13:38:11.990Z,2023-01-23T13:38:11.990Z,0,,12765.78,27-May-2022,
449,63ce8dd3262b0c000763ee5c,BAJAJFINSV,EQ,N,12990.0,12837.0,12924.0,12924.05,12940.0,12758.4,280392,3622692525.95,19325.0,11430.5,40322,INE918I01018,2022-05-30,2022-05-29T18:30:00.000Z,2023-01-23T13:38:27.117Z,2023-01-23T13:38:27.117Z,0,,12920.1,30-May-2022,
450,63ce8de25be31100068f10cb,BAJAJFINSV,EQ,N,13111.95,12773.6,12924.05,12934.0,12959.0,12924.05,419919,5439481923.95,19325.0,11430.5,61573,INE918I01018,2022-05-31,2022-05-30T18:30:00.000Z,2023-01-23T13:38:42.403Z,2023-01-23T13:38:42.403Z,0,,12953.65,31-May-2022,
451,63ce8df1a6943c000749be28,BAJAJFINSV,EQ,N,13024.95,12532.0,12959.0,12596.6,12585.0,12934.0,281233,3582344759.1,19325.0,11430.5,46557,INE918I01018,2022-06-01,2022-05-31T18:30:00.000Z,2023-01-23T13:38:57.397Z,2023-01-23T13:38:57.397Z,0,,12738.0,01-Jun-2022,
452,63ce8e0062e219000737ad1a,BAJAJFINSV,EQ,N,13030.0,12450.05,12544.0,12936.0,13025.0,12596.6,366146,4690061457.35,19325.0,11430.5,57366,INE918I01018,2022-06-02,2022-06-01T18:30:00.000Z,2023-01-23T13:39:12.483Z,2023-01-23T13:39:12.483Z,0,,12809.27,02-Jun-2022,
453,63ce8e0fed0f3900079bcb4f,BAJAJFINSV,EQ,N,13220.0,12652.05,13100.0,12691.6,12695.0,12936.0,317180,4112109189.0,19325.0,11430.5,47936,INE918I01018,2022-06-03,2022-06-02T18:30:00.000Z,2023-01-23T13:39:27.562Z,2023-01-23T13:39:27.562Z,0,,12964.59,03-Jun-2022,
454,63ce8e1e62e219000737b6c6,BAJAJFINSV,EQ,N,12689.0,12282.05,12689.0,12516.4,12538.0,12691.6,309747,3852573902.9,19325.0,11430.5,53344,INE918I01018,2022-06-06,2022-06-05T18:30:00.000Z,2023-01-23T13:39:42.714Z,2023-01-23T13:39:42.714Z,0,,12437.81,06-Jun-2022,
455,63ce8e2d989df5000759d2ef,BAJAJFINSV,EQ,N,12449.95,12232.35,12440.0,12338.7,12319.0,12516.4,176548,2176816165.8,19325.0,11430.5,31270,INE918I01018,2022-06-07,2022-06-06T18:30:00.000Z,2023-01-23T13:39:57.860Z,2023-01-23T13:39:57.860Z,0,,12329.88,07-Jun-2022,
456,63ce8e3cea62a90007764e74,BAJAJFINSV,EQ,N,12645.0,12250.0,12411.0,12465.0,12418.35,12338.7,236843,2950169987.0,19325.0,11430.5,41295,INE918I01018,2022-06-08,2022-06-07T18:30:00.000Z,2023-01-23T13:40:12.947Z,2023-01-23T13:40:12.947Z,0,,12456.23,08-Jun-2022,
457,63ce8e4c8e4da900077ada5b,BAJAJFINSV,EQ,N,12517.95,12255.0,12325.5,12471.0,12455.0,12465.0,174239,2164853107.6,19325.0,11430.5,30267,INE918I01018,2022-06-09,2022-06-08T18:30:00.000Z,2023-01-23T13:40:28.055Z,2023-01-23T13:40:28.055Z,0,,12424.62,09-Jun-2022,
458,63ce8e5beb800e0007025d10,BAJAJFINSV,EQ,N,12380.95,12175.65,12300.0,12253.5,12220.0,12471.0,290670,3567446545.35,19325.0,11430.5,35733,INE918I01018,2022-06-10,2022-06-09T18:30:00.000Z,2023-01-23T13:40:43.096Z,2023-01-23T13:40:43.096Z,0,,12273.18,10-Jun-2022,
459,63ce8e6ac943230007f86f7b,BAJAJFINSV,EQ,N,12000.0,11350.0,12000.0,11386.05,11428.0,12253.5,487732,5637413382.5,19325.0,11350.0,90338,INE918I01018,2022-06-13,2022-06-12T18:30:00.000Z,2023-01-23T13:40:58.295Z,2023-01-23T13:40:58.295Z,0,,11558.42,13-Jun-2022,
460,63ce8e798e4da900077ae3c7,BAJAJFINSV,EQ,N,11577.65,11265.05,11385.0,11336.5,11356.0,11386.05,366948,4193024056.65,19325.0,11265.05,70688,INE918I01018,2022-06-14,2022-06-13T18:30:00.000Z,2023-01-23T13:41:13.518Z,2023-01-23T13:41:13.518Z,0,,11426.75,14-Jun-2022,
461,63ce8e88989df5000759dc90,BAJAJFINSV,EQ,N,11870.0,11400.0,11400.0,11809.7,11815.0,11336.5,496289,5813818722.65,19325.0,11265.05,71849,INE918I01018,2022-06-15,2022-06-14T18:30:00.000Z,2023-01-23T13:41:28.480Z,2023-01-23T13:41:28.480Z,0,,11714.58,15-Jun-2022,
462,63ce8e97c5be400007366d09,BAJAJFINSV,EQ,N,12069.8,11411.05,12025.0,11471.9,11450.0,11809.7,394041,4605881226.25,19325.0,11265.05,59598,INE918I01018,2022-06-16,2022-06-15T18:30:00.000Z,2023-01-23T13:41:43.631Z,2023-01-23T13:41:43.631Z,0,,11688.84,16-Jun-2022,
463,63ce8ea65be31100068f1bfe,BAJAJFINSV,EQ,N,11864.4,11350.0,11360.05,11754.85,11788.0,11471.9,419362,4898460587.2,19325.0,11265.05,67481,INE918I01018,2022-06-17,2022-06-16T18:30:00.000Z,2023-01-23T13:41:58.723Z,2023-01-23T13:41:58.723Z,0,,11680.75,17-Jun-2022,
464,63ce8b818e4da900077ac447,BAJAJFINSV,EQ,N,17300.0,16982.0,17100.0,17060.45,17027.0,17128.9,298692,5118176251.4,19325.0,9035.85,50696,INE918I01018,2022-03-31,2022-03-30T18:30:00.000Z,2023-01-23T13:28:33.420Z,2023-01-23T13:28:33.420Z,0,,17135.3,31-Mar-2022,
465,63ce8b90c8ca820007f884b5,BAJAJFINSV,EQ,N,17200.0,17011.2,17030.0,17139.2,17150.0,17060.45,210141,3596726777.35,19325.0,9035.85,29747,INE918I01018,2022-04-01,2022-03-31T18:30:00.000Z,2023-01-23T13:28:48.454Z,2023-01-23T13:28:48.454Z,0,,17115.78,01-Apr-2022,
466,63ce8b9fed0f3900079bb3c7,BAJAJFINSV,EQ,N,17480.0,16955.25,17199.0,17196.35,17179.0,17139.2,324394,5581508557.3,19325.0,9035.85,49065,INE918I01018,2022-04-04,2022-04-03T18:30:00.000Z,2023-01-23T13:29:03.614Z,2023-01-23T13:29:03.614Z,0,,17205.95,04-Apr-2022,
467,63ce8bae3920dc000743a6a2,BAJAJFINSV,EQ,N,17300.0,16758.55,17220.0,16818.85,16790.0,17196.35,385537,6532026726.0,19325.0,9035.85,62546,INE918I01018,2022-04-05,2022-04-04T18:30:00.000Z,2023-01-23T13:29:18.771Z,2023-01-23T13:29:18.771Z,0,,16942.67,05-Apr-2022,
468,63ce8bbdf1500d00079a40c8,BAJAJFINSV,EQ,N,16899.1,16651.0,16818.85,16720.0,16700.0,16818.85,246552,4127853859.3,19325.0,9035.85,35409,INE918I01018,2022-04-06,2022-04-05T18:30:00.000Z,2023-01-23T13:29:33.992Z,2023-01-23T13:29:33.992Z,0,,16742.33,06-Apr-2022,
469,63ce8bcdc7307c0007da1acc,BAJAJFINSV,EQ,N,16700.0,16480.0,16650.0,16553.9,16570.0,16720.0,216790,3593206357.7,19325.0,9035.85,41323,INE918I01018,2022-04-07,2022-04-06T18:30:00.000Z,2023-01-23T13:29:49.102Z,2023-01-23T13:29:49.102Z,0,,16574.59,07-Apr-2022,
470,63ce8bdcea62a90007762465,BAJAJFINSV,EQ,N,16840.0,16517.3,16700.0,16749.0,16748.0,16553.9,213383,3556104065.35,19325.0,9035.85,31646,INE918I01018,2022-04-08,2022-04-07T18:30:00.000Z,2023-01-23T13:30:04.251Z,2023-01-23T13:30:04.251Z,0,,16665.36,08-Apr-2022,
471,63ce8bebf1500d00079a4c6b,BAJAJFINSV,EQ,N,16845.45,16550.05,16675.0,16577.85,16570.0,16749.0,169686,2826707822.6,19325.0,9035.85,25514,INE918I01018,2022-04-11,2022-04-10T18:30:00.000Z,2023-01-23T13:30:19.601Z,2023-01-23T13:30:19.601Z,0,,16658.46,11-Apr-2022,
472,63ce8bfaea62a90007762e7f,BAJAJFINSV,EQ,N,16502.0,16222.1,16502.0,16318.05,16300.1,16577.85,247647,4046731794.0,19325.0,9035.85,41629,INE918I01018,2022-04-12,2022-04-11T18:30:00.000Z,2023-01-23T13:30:34.553Z,2023-01-23T13:30:34.553Z,0,,16340.73,12-Apr-2022,
473,63ce8c09c943230007f85174,BAJAJFINSV,EQ,N,16500.0,16050.0,16404.0,16090.05,16096.95,16318.05,248390,4033549620.4,19325.0,9035.85,46235,INE918I01018,2022-04-13,2022-04-12T18:30:00.000Z,2023-01-23T13:30:49.753Z,2023-01-23T13:30:49.753Z,0,,16238.78,13-Apr-2022,
474,63ce8c18a34e360007d0e944,BAJAJFINSV,EQ,N,16040.0,15654.35,16040.0,15827.25,15839.25,16090.05,281889,4453421904.85,19325.0,9392.6,48685,INE918I01018,2022-04-18,2022-04-17T18:30:00.000Z,2023-01-23T13:31:04.791Z,2023-01-23T13:31:04.791Z,0,,15798.49,18-Apr-2022,
475,63ce8c27ea62a90007763843,BAJAJFINSV,EQ,N,16080.0,15591.5,15999.0,15720.55,15630.0,15827.25,259696,4114155809.6,19325.0,9392.6,41472,INE918I01018,2022-04-19,2022-04-18T18:30:00.000Z,2023-01-23T13:31:19.975Z,2023-01-23T13:31:19.975Z,0,,15842.2,19-Apr-2022,
476,63ce8c37ea62a900077641f4,BAJAJFINSV,EQ,N,15799.95,15323.3,15721.0,15509.3,15520.0,15720.55,251707,3924211611.65,19325.0,9392.6,45089,INE918I01018,2022-04-20,2022-04-19T18:30:00.000Z,2023-01-23T13:31:35.086Z,2023-01-23T13:31:35.086Z,0,,15590.4,20-Apr-2022,
477,63ce8c47a6943c000749b057,BAJAJFINSV,EQ,N,16021.0,15592.65,15601.0,15835.75,15869.0,15509.3,236489,3738263083.45,19325.0,9392.6,39227,INE918I01018,2022-04-21,2022-04-20T18:30:00.000Z,2023-01-23T13:31:51.029Z,2023-01-23T13:31:51.029Z,0,,15807.34,21-Apr-2022,
478,63ce8c59c7307c0007da24f1,BAJAJFINSV,EQ,N,15748.5,15430.0,15700.05,15454.2,15450.8,15835.75,214876,3343457454.65,19325.0,9392.6,34964,INE918I01018,2022-04-22,2022-04-21T18:30:00.000Z,2023-01-23T13:32:09.281Z,2023-01-23T13:32:09.281Z,0,,15559.94,22-Apr-2022,
479,63ce8c68c943230007f85b3d,BAJAJFINSV,EQ,N,15400.0,15200.0,15350.0,15265.15,15312.0,15454.2,164219,2509276985.65,19325.0,9902.2,29359,INE918I01018,2022-04-25,2022-04-24T18:30:00.000Z,2023-01-23T13:32:24.406Z,2023-01-23T13:32:24.406Z,0,,15280.06,25-Apr-2022,
480,63ce8c77989df5000759be49,BAJAJFINSV,EQ,N,15633.25,15300.05,15550.0,15434.35,15439.95,15265.15,220638,3404175977.35,19325.0,9902.2,36515,INE918I01018,2022-04-26,2022-04-25T18:30:00.000Z,2023-01-23T13:32:39.494Z,2023-01-23T13:32:39.494Z,0,,15428.78,26-Apr-2022,
481,63ce8c86c7c0c80007dba137,BAJAJFINSV,EQ,N,15341.1,14751.35,15341.1,14826.4,14842.0,15434.35,341192,5096387663.1,19325.0,9902.2,64181,INE918I01018,2022-04-27,2022-04-26T18:30:00.000Z,2023-01-23T13:32:54.622Z,2023-01-23T13:32:54.622Z,0,,14937.01,27-Apr-2022,
482,63ce8c95c5be400007365439,BAJAJFINSV,EQ,N,15250.0,14660.65,15000.0,15011.85,15034.85,14826.4,347500,5196462229.65,19325.0,9902.2,63935,INE918I01018,2022-04-28,2022-04-27T18:30:00.000Z,2023-01-23T13:33:09.738Z,2023-01-23T13:33:09.738Z,0,,14953.85,28-Apr-2022,
483,63fddaecb13cfa000716f32a,BAJAJFINSV,EQ,N,15280.0,14850.0,15280.0,14911.15,14900.0,15011.85,221107,3338091829.95,19325.0,9902.2,39323,INE918I01018,2022-04-29,2022-04-28T18:30:00.000Z,2023-02-28T10:43:56.381Z,2023-02-28T10:43:56.381Z,0,,15097.18,29-Apr-2022,
484,6448f357e29350000759443e,BAJAJFINSV,EQ,N,15022.75,14600.05,14612.85,14957.45,14921.15,14911.15,190798,2828342151.25,19325.0,10814.15,38115,INE918I01018,2022-05-02,2022-05-01T18:30:00.000Z,2023-04-26T09:48:07.052Z,2023-04-26T09:48:07.052Z,0,,14823.75,02-May-2022,
485,63ce8cc3989df5000759c844,BAJAJFINSV,EQ,N,15058.75,14270.0,14957.35,14322.45,14337.6,14957.45,316404,4611907632.05,19325.0,10814.15,61394,INE918I01018,2022-05-04,2022-05-03T18:30:00.000Z,2023-01-23T13:33:55.144Z,2023-01-23T13:33:55.144Z,0,,14576.01,04-May-2022,
486,63ce8cd2c7c0c80007dbb742,BAJAJFINSV,EQ,N,14711.0,14050.0,14499.0,14139.25,14109.85,14322.45,296928,4268608683.3,19325.0,10814.15,52795,INE918I01018,2022-05-05,2022-05-04T18:30:00.000Z,2023-01-23T13:34:10.270Z,2023-01-23T13:34:10.270Z,0,,14375.9,05-May-2022,
487,63ce8ce1bca9320007ebe7f9,BAJAJFINSV,EQ,N,13895.3,13510.0,13800.0,13640.5,13668.0,14139.25,351616,4806351646.15,19325.0,10814.15,76953,INE918I01018,2022-05-06,2022-05-05T18:30:00.000Z,2023-01-23T13:34:25.308Z,2023-01-23T13:34:25.308Z,0,,13669.32,06-May-2022,
488,63ce8cf0bca9320007ebf16f,BAJAJFINSV,EQ,N,14011.65,13362.85,13540.0,13783.85,13814.95,13640.5,403409,5553835269.7,19325.0,10868.0,66802,INE918I01018,2022-05-09,2022-05-08T18:30:00.000Z,2023-01-23T13:34:40.512Z,2023-01-23T13:34:40.512Z,0,,13767.26,09-May-2022,
489,63ce8cff262b0c000763dadb,BAJAJFINSV,EQ,N,13979.2,13562.0,13820.0,13630.1,13610.55,13783.85,256312,3529590416.95,19325.0,10868.0,43737,INE918I01018,2022-05-10,2022-05-09T18:30:00.000Z,2023-01-23T13:34:55.625Z,2023-01-23T13:34:55.625Z,0,,13770.68,10-May-2022,
490,63ce89f83920dc000743766c,BAJAJFINSV,EQ,N,16238.15,15780.0,16038.0,16012.25,15988.0,16096.55,227592,3641519700.25,19325.0,8960.05,43038,INE918I01018,2022-02-21,2022-02-20T18:30:00.000Z,2023-01-23T13:22:00.321Z,2023-01-23T13:22:00.321Z,0,,16000.21,21-Feb-2022,
491,63ce8a07f1500d00079a2352,BAJAJFINSV,EQ,N,16270.0,15275.0,15300.0,16189.45,16201.0,16012.25,322374,5126600317.9,19325.0,8960.05,65932,INE918I01018,2022-02-22,2022-02-21T18:30:00.000Z,2023-01-23T13:22:15.441Z,2023-01-23T13:22:15.441Z,0,,15902.65,22-Feb-2022,
492,63ce8a16c5be400007363d5b,BAJAJFINSV,EQ,N,16390.0,16035.05,16390.0,16133.6,16048.85,16189.45,241830,3924204032.45,19325.0,8960.05,46829,INE918I01018,2022-02-23,2022-02-22T18:30:00.000Z,2023-01-23T13:22:30.583Z,2023-01-23T13:22:30.583Z,0,,16227.12,23-Feb-2022,
493,63ce8a2562e219000737a24b,BAJAJFINSV,EQ,N,15895.9,15200.0,15600.0,15245.2,15250.0,16133.6,361563,5616180420.9,19325.0,8960.05,73228,INE918I01018,2022-02-24,2022-02-23T18:30:00.000Z,2023-01-23T13:22:45.688Z,2023-01-23T13:22:45.688Z,0,,15533.06,24-Feb-2022,
494,63ce8a34ea62a90007760a10,BAJAJFINSV,EQ,N,16065.0,15570.0,15788.0,15772.15,15760.0,15245.2,320337,5065986158.55,19325.0,8960.05,56356,INE918I01018,2022-02-25,2022-02-24T18:30:00.000Z,2023-01-23T13:23:00.781Z,2023-01-23T13:23:00.781Z,0,,15814.55,25-Feb-2022,
495,63ce8a433920dc0007438008,BAJAJFINSV,EQ,N,16084.85,15365.0,15700.0,16012.55,16000.0,15772.15,373257,5875056798.9,19325.0,8960.05,67030,INE918I01018,2022-02-28,2022-02-27T18:30:00.000Z,2023-01-23T13:23:15.988Z,2023-01-23T13:23:15.988Z,0,,15739.98,28-Feb-2022,
496,63ce8a53c5be4000073646c4,BAJAJFINSV,EQ,N,16157.15,15632.0,15705.0,16053.0,16070.0,16012.55,281715,4463548371.95,19325.0,8960.05,58311,INE918I01018,2022-03-02,2022-03-01T18:30:00.000Z,2023-01-23T13:23:31.164Z,2023-01-23T13:23:31.164Z,0,,15844.2,02-Mar-2022,
497,63ce8a623920dc00074389a0,BAJAJFINSV,EQ,N,16347.95,15646.8,16300.0,15704.1,15680.0,16053.0,340014,5404389575.4,19325.0,8960.05,58555,INE918I01018,2022-03-03,2022-03-02T18:30:00.000Z,2023-01-23T13:23:46.182Z,2023-01-23T13:23:46.182Z,0,,15894.61,03-Mar-2022,
498,63ce8a71c8ca820007f8795f,BAJAJFINSV,EQ,N,15672.3,15212.0,15590.0,15333.2,15311.0,15704.1,338059,5215137385.15,19325.0,8960.05,65983,INE918I01018,2022-03-04,2022-03-03T18:30:00.000Z,2023-01-23T13:24:01.388Z,2023-01-23T13:24:01.388Z,0,,15426.71,04-Mar-2022,
499,63ce8a80c7307c0007da1107,BAJAJFINSV,EQ,N,14994.0,13799.9,14994.0,14373.2,14390.0,15333.2,371521,5397300002.4,19325.0,8960.05,91926,INE918I01018,2022-03-07,2022-03-06T18:30:00.000Z,2023-01-23T13:24:16.476Z,2023-01-23T13:24:16.476Z,0,,14527.58,07-Mar-2022,
500,63ce8a8fea62a9000776184b,BAJAJFINSV,EQ,N,14525.0,13951.05,14400.0,14450.7,14435.5,14373.2,462569,6607325239.95,19325.0,8960.05,94017,INE918I01018,2022-03-08,2022-03-07T18:30:00.000Z,2023-01-23T13:24:31.644Z,2023-01-23T13:24:31.644Z,0,,14283.98,08-Mar-2022,
501,63ce8a9ef1500d00079a2cae,BAJAJFINSV,EQ,N,15199.55,14400.0,14501.1,15015.2,15028.0,14450.7,391341,5795143561.9,19325.0,8960.05,77581,INE918I01018,2022-03-09,2022-03-08T18:30:00.000Z,2023-01-23T13:24:46.599Z,2023-01-23T13:24:46.599Z,0,,14808.42,09-Mar-2022,
502,63ce8aad3920dc0007439387,BAJAJFINSV,EQ,N,15850.0,15305.05,15649.0,15467.45,15478.0,15015.2,476405,7435050940.0,19325.0,8960.05,83323,INE918I01018,2022-03-10,2022-03-09T18:30:00.000Z,2023-01-23T13:25:01.728Z,2023-01-23T13:25:01.728Z,0,,15606.58,10-Mar-2022,
503,63ce8abc989df5000759a48e,BAJAJFINSV,EQ,N,15750.0,15280.0,15400.0,15569.0,15550.0,15467.45,329632,5138375406.65,19325.0,8960.05,60369,INE918I01018,2022-03-11,2022-03-10T18:30:00.000Z,2023-01-23T13:25:16.895Z,2023-01-23T13:25:16.895Z,0,,15588.22,11-Mar-2022,
504,63ce8acbf1500d00079a361e,BAJAJFINSV,EQ,N,15735.0,15411.5,15475.6,15678.5,15719.9,15569.0,285201,4450529621.7,19325.0,8960.05,54324,INE918I01018,2022-03-14,2022-03-13T18:30:00.000Z,2023-01-23T13:25:31.928Z,2023-01-23T13:25:31.928Z,0,,15604.89,14-Mar-2022,
505,63ce8adba6943c0007499d33,BAJAJFINSV,EQ,N,15950.0,15534.05,15749.0,15708.9,15684.65,15678.5,296511,4671358665.4,19325.0,8960.05,59391,INE918I01018,2022-03-15,2022-03-14T18:30:00.000Z,2023-01-23T13:25:47.104Z,2023-01-23T13:25:47.104Z,0,,15754.42,15-Mar-2022,
506,63ce8aea989df5000759ae3a,BAJAJFINSV,EQ,N,16240.0,15851.05,15900.6,16124.85,16071.0,15708.9,298317,4803312354.45,19325.0,8960.05,49730,INE918I01018,2022-03-16,2022-03-15T18:30:00.000Z,2023-01-23T13:26:02.224Z,2023-01-23T13:26:02.224Z,0,,16101.37,16-Mar-2022,
507,63ce8af93920dc0007439d2e,BAJAJFINSV,EQ,N,16589.0,16255.0,16399.0,16370.8,16344.0,16124.85,402068,6605855584.65,19325.0,8960.05,54788,INE918I01018,2022-03-17,2022-03-16T18:30:00.000Z,2023-01-23T13:26:17.354Z,2023-01-23T13:26:17.354Z,0,,16429.7,17-Mar-2022,
508,63ce8b08ed0f3900079ba9fd,BAJAJFINSV,EQ,N,16443.95,16150.0,16399.95,16180.8,16182.0,16370.8,201635,3276718433.15,19325.0,8960.05,29887,INE918I01018,2022-03-21,2022-03-20T18:30:00.000Z,2023-01-23T13:26:32.444Z,2023-01-23T13:26:32.444Z,0,,16250.74,21-Mar-2022,
509,63ce8b17262b0c000763c47e,BAJAJFINSV,EQ,N,16590.0,15951.0,16250.0,16494.6,16570.5,16180.8,265279,4314156572.6,19325.0,8960.05,44503,INE918I01018,2022-03-22,2022-03-21T18:30:00.000Z,2023-01-23T13:26:47.567Z,2023-01-23T13:26:47.567Z,0,,16262.71,22-Mar-2022,
510,63ce8b26c943230007f84803,BAJAJFINSV,EQ,N,16728.75,16344.2,16600.0,16407.35,16370.0,16494.6,229079,3784758826.45,19325.0,8960.05,40329,INE918I01018,2022-03-23,2022-03-22T18:30:00.000Z,2023-01-23T13:27:02.700Z,2023-01-23T13:27:02.700Z,0,,16521.63,23-Mar-2022,
511,63ce8b35a34e360007d0dfd8,BAJAJFINSV,EQ,N,16512.0,16270.0,16350.0,16378.7,16333.0,16407.35,183924,3018507777.35,19325.0,8960.05,34803,INE918I01018,2022-03-24,2022-03-23T18:30:00.000Z,2023-01-23T13:27:17.822Z,2023-01-23T13:27:17.822Z,0,,16411.71,24-Mar-2022,
512,63ce8b445be31100068ef05b,BAJAJFINSV,EQ,N,16500.0,16240.15,16500.0,16333.3,16320.75,16378.7,147748,2416683552.2,19325.0,8960.05,31050,INE918I01018,2022-03-25,2022-03-24T18:30:00.000Z,2023-01-23T13:27:32.957Z,2023-01-23T13:27:32.957Z,0,,16356.79,25-Mar-2022,
513,63ce8b54a6943c000749a6c9,BAJAJFINSV,EQ,N,16560.0,16101.05,16400.0,16518.95,16472.1,16333.3,175187,2866666506.5,19325.0,9035.85,33084,INE918I01018,2022-03-28,2022-03-27T18:30:00.000Z,2023-01-23T13:27:48.179Z,2023-01-23T13:27:48.179Z,0,,16363.47,28-Mar-2022,
514,63ce8b63262b0c000763ce0f,BAJAJFINSV,EQ,N,16620.0,16423.15,16536.0,16501.7,16509.0,16518.95,198138,3272546175.05,19325.0,9035.85,36159,INE918I01018,2022-03-29,2022-03-28T18:30:00.000Z,2023-01-23T13:28:03.219Z,2023-01-23T13:28:03.219Z,0,,16516.5,29-Mar-2022,
515,63ce8b72d0a9900007ad5e0c,BAJAJFINSV,EQ,N,17249.85,16531.0,16600.0,17128.9,17045.05,16501.7,454764,7739801964.9,19325.0,9035.85,72543,INE918I01018,2022-03-30,2022-03-29T18:30:00.000Z,2023-01-23T13:28:18.265Z,2023-01-23T13:28:18.265Z,0,,17019.38,30-Mar-2022,
516,63ce8b818e4da900077ac447,BAJAJFINSV,EQ,N,17300.0,16982.0,17100.0,17060.45,17027.0,17128.9,298692,5118176251.4,19325.0,9035.85,50696,INE918I01018,2022-03-31,2022-03-30T18:30:00.000Z,2023-01-23T13:28:33.420Z,2023-01-23T13:28:33.420Z,0,,17135.3,31-Mar-2022,
517,63ce8841c7307c0007d9cb3b,BAJAJFINSV,EQ,N,18000.0,17730.65,17800.0,17798.8,17779.95,17756.9,169797,3032419085.1,19325.0,8273.7,32869,INE918I01018,2022-01-10,2022-01-09T18:30:00.000Z,2023-01-23T13:14:41.512Z,2023-01-23T13:14:41.512Z,0,,17859.09,10-Jan-2022,
518,63ce8850a6943c0007497cd3,BAJAJFINSV,EQ,N,17935.05,17621.1,17700.0,17799.5,17800.0,17798.8,164818,2930469117.45,19325.0,8273.7,31862,INE918I01018,2022-01-11,2022-01-10T18:30:00.000Z,2023-01-23T13:14:56.578Z,2023-01-23T13:14:56.578Z,0,,17780.03,11-Jan-2022,
519,63ce885fc943230007f83318,BAJAJFINSV,EQ,N,18190.0,17750.0,17900.0,17935.3,17890.0,17799.5,223394,4019617727.6,19325.0,8273.7,40203,INE918I01018,2022-01-12,2022-01-11T18:30:00.000Z,2023-01-23T13:15:11.684Z,2023-01-23T13:15:11.684Z,0,,17993.4,12-Jan-2022,
520,63ce886ea6943c0007498692,BAJAJFINSV,EQ,N,18274.9,17900.0,17997.7,18225.0,18200.0,17935.3,248013,4496595692.8,19325.0,8273.7,35996,INE918I01018,2022-01-13,2022-01-12T18:30:00.000Z,2023-01-23T13:15:26.812Z,2023-01-23T13:15:26.812Z,0,,18130.48,13-Jan-2022,
521,63ce887dc7307c0007d9d6a2,BAJAJFINSV,EQ,N,18333.45,18000.0,18044.0,18209.7,18161.3,18225.0,155328,2829029031.2,19325.0,8273.7,26980,INE918I01018,2022-01-14,2022-01-13T18:30:00.000Z,2023-01-23T13:15:41.953Z,2023-01-23T13:15:41.953Z,0,,18213.26,14-Jan-2022,
522,63ce888dc7c0c80007db8aa5,BAJAJFINSV,EQ,N,18435.0,18221.0,18290.0,18370.6,18350.0,18209.7,135273,2480763842.55,19325.0,8273.7,26859,INE918I01018,2022-01-17,2022-01-16T18:30:00.000Z,2023-01-23T13:15:57.048Z,2023-01-23T13:15:57.048Z,0,,18338.94,17-Jan-2022,
523,63ce889c3853d8000737cc09,BAJAJFINSV,EQ,N,18558.75,18100.05,18376.85,18153.55,18155.1,18370.6,205667,3774023131.7,19325.0,8273.7,38620,INE918I01018,2022-01-18,2022-01-17T18:30:00.000Z,2023-01-23T13:16:12.226Z,2023-01-23T13:16:12.226Z,0,,18350.16,18-Jan-2022,
524,63ce88ab8e4da900077ab3e1,BAJAJFINSV,EQ,N,18621.0,17875.35,18240.0,18077.3,18054.45,18153.55,348174,6346998536.05,19325.0,8273.7,64847,INE918I01018,2022-01-19,2022-01-18T18:30:00.000Z,2023-01-23T13:16:27.667Z,2023-01-23T13:16:27.667Z,0,,18229.39,19-Jan-2022,
525,63ce88ba3853d8000737d66d,BAJAJFINSV,EQ,N,18262.0,17080.0,18075.0,17258.95,17250.0,18077.3,544473,9549133228.2,19325.0,8273.7,103533,INE918I01018,2022-01-20,2022-01-19T18:30:00.000Z,2023-01-23T13:16:42.777Z,2023-01-23T13:16:42.777Z,0,,17538.3,20-Jan-2022,
526,63ce88c9c7307c0007d9e0f2,BAJAJFINSV,EQ,N,17095.0,16220.0,17000.0,16335.2,16379.95,17258.95,558291,9238413072.05,19325.0,8273.7,108958,INE918I01018,2022-01-21,2022-01-20T18:30:00.000Z,2023-01-23T13:16:57.899Z,2023-01-23T13:16:57.899Z,0,,16547.67,21-Jan-2022,
527,63ce88d9c943230007f83cd4,BAJAJFINSV,EQ,N,16433.95,15444.0,16388.5,15707.15,15660.0,16335.2,473643,7477475774.3,19325.0,8638.0,99635,INE918I01018,2022-01-24,2022-01-23T18:30:00.000Z,2023-01-23T13:17:13.100Z,2023-01-23T13:17:13.100Z,0,,15787.16,24-Jan-2022,
528,63ce88e8c5be4000073631d3,BAJAJFINSV,EQ,N,15682.45,15250.3,15550.5,15528.95,15484.0,15707.15,409064,6340551030.95,19325.0,8638.0,77070,INE918I01018,2022-01-25,2022-01-24T18:30:00.000Z,2023-01-23T13:17:28.140Z,2023-01-23T13:17:28.140Z,0,,15500.14,25-Jan-2022,
529,63ce88f7c7307c0007d9ea97,BAJAJFINSV,EQ,N,15570.4,15012.0,15386.0,15359.85,15379.35,15528.95,349727,5336157723.1,19325.0,8638.0,75458,INE918I01018,2022-01-27,2022-01-26T18:30:00.000Z,2023-01-23T13:17:43.339Z,2023-01-23T13:17:43.339Z,0,,15258.07,27-Jan-2022,
530,63ce8906c7307c0007d9f415,BAJAJFINSV,EQ,N,15787.65,15150.0,15601.0,15198.75,15190.0,15359.85,350931,5434032730.55,19325.0,8638.0,65639,INE918I01018,2022-01-28,2022-01-27T18:30:00.000Z,2023-01-23T13:17:58.606Z,2023-01-23T13:17:58.606Z,0,,15484.62,28-Jan-2022,
531,63ce8915bca9320007ebd38d,BAJAJFINSV,EQ,N,15741.0,15329.7,15590.0,15689.55,15700.1,15198.75,312992,4876296241.9,19325.0,8638.0,58902,INE918I01018,2022-01-31,2022-01-30T18:30:00.000Z,2023-01-23T13:18:13.586Z,2023-01-23T13:18:13.586Z,0,,15579.62,31-Jan-2022,
532,63ce8924ed0f3900079b921e,BAJAJFINSV,EQ,N,16014.95,15500.0,15828.95,15903.85,15924.15,15689.55,357187,5662819153.25,19325.0,8638.0,71292,INE918I01018,2022-02-01,2022-01-31T18:30:00.000Z,2023-01-23T13:18:28.660Z,2023-01-23T13:18:28.660Z,0,,15853.93,01-Feb-2022,
533,63ce89333853d8000737e053,BAJAJFINSV,EQ,N,16750.0,15925.0,16030.1,16706.0,16696.05,15903.85,525745,8706203332.85,19325.0,8638.0,84649,INE918I01018,2022-02-02,2022-02-01T18:30:00.000Z,2023-01-23T13:18:43.804Z,2023-01-23T13:18:43.804Z,0,,16559.75,02-Feb-2022,
534,63ce8942d0a9900007ad3991,BAJAJFINSV,EQ,N,16717.0,16263.7,16706.0,16348.1,16320.0,16706.0,289137,4786847321.35,19325.0,8638.0,51326,INE918I01018,2022-02-03,2022-02-02T18:30:00.000Z,2023-01-23T13:18:58.956Z,2023-01-23T13:18:58.956Z,0,,16555.64,03-Feb-2022,
535,63ce8952c7307c0007d9fdae,BAJAJFINSV,EQ,N,16469.35,16145.0,16348.0,16205.75,16160.0,16348.1,294505,4797411821.45,19325.0,8638.0,50305,INE918I01018,2022-02-04,2022-02-03T18:30:00.000Z,2023-01-23T13:19:14.042Z,2023-01-23T13:19:14.042Z,0,,16289.75,04-Feb-2022,
536,63ce8961ea62a9000775fe56,BAJAJFINSV,EQ,N,16364.05,15650.0,16160.0,15711.35,15732.0,16205.75,356664,5680064825.55,19325.0,8960.05,66454,INE918I01018,2022-02-07,2022-02-06T18:30:00.000Z,2023-01-23T13:19:29.367Z,2023-01-23T13:19:29.367Z,0,,15925.53,07-Feb-2022,
537,63ce8970a34e360007d0d4c9,BAJAJFINSV,EQ,N,16119.8,15720.0,15810.0,15989.15,15978.0,15711.35,410373,6536109438.35,19325.0,8960.05,87076,INE918I01018,2022-02-08,2022-02-07T18:30:00.000Z,2023-01-23T13:19:44.725Z,2023-01-23T13:19:44.725Z,0,,15927.24,08-Feb-2022,
538,63ce897ff1500d00079a106e,BAJAJFINSV,EQ,N,16414.9,16120.0,16180.0,16257.8,16268.25,15989.15,251023,4085623236.05,19325.0,8960.05,51311,INE918I01018,2022-02-09,2022-02-08T18:30:00.000Z,2023-01-23T13:19:59.443Z,2023-01-23T13:19:59.443Z,0,,16275.89,09-Feb-2022,
539,63ce898eeb800e0007023fbf,BAJAJFINSV,EQ,N,16550.0,16033.0,16344.9,16393.6,16394.0,16257.8,299770,4906818140.95,19325.0,8960.05,58366,INE918I01018,2022-02-10,2022-02-09T18:30:00.000Z,2023-01-23T13:20:14.564Z,2023-01-23T13:20:14.564Z,0,,16368.61,10-Feb-2022,
540,63ce899df1500d00079a19ef,BAJAJFINSV,EQ,N,16200.0,15910.0,16000.0,16113.1,16119.95,16393.6,244696,3940747457.35,19325.0,8960.05,49340,INE918I01018,2022-02-11,2022-02-10T18:30:00.000Z,2023-01-23T13:20:29.686Z,2023-01-23T13:20:29.686Z,0,,16104.67,11-Feb-2022,
541,63ce89acd0a9900007ad4352,BAJAJFINSV,EQ,N,15887.95,15451.0,15805.0,15674.15,15650.0,16113.1,296115,4651374923.8,19325.0,8960.05,54654,INE918I01018,2022-02-14,2022-02-13T18:30:00.000Z,2023-01-23T13:20:44.780Z,2023-01-23T13:20:44.780Z,0,,15708.0,14-Feb-2022,
542,63ce89bbed0f3900079b9d6d,BAJAJFINSV,EQ,N,16427.5,15649.0,15890.0,16375.25,16385.1,15674.15,359213,5753994346.65,19325.0,8960.05,67466,INE918I01018,2022-02-15,2022-02-14T18:30:00.000Z,2023-01-23T13:20:59.910Z,2023-01-23T13:20:59.910Z,0,,16018.34,15-Feb-2022,
543,63ce89cbc7307c0007da07b1,BAJAJFINSV,EQ,N,16589.9,16190.1,16428.0,16272.45,16255.0,16375.25,273874,4488294585.85,19325.0,8960.05,52931,INE918I01018,2022-02-16,2022-02-15T18:30:00.000Z,2023-01-23T13:21:15.030Z,2023-01-23T13:21:15.030Z,0,,16388.17,16-Feb-2022,
544,63ce89daeb800e00070248ff,BAJAJFINSV,EQ,N,16418.3,16081.0,16366.0,16181.2,16178.7,16272.45,214433,3483582292.65,19325.0,8960.05,41817,INE918I01018,2022-02-17,2022-02-16T18:30:00.000Z,2023-01-23T13:21:30.130Z,2023-01-23T13:21:30.130Z,0,,16245.55,17-Feb-2022,
545,63ce89e9d0a9900007ad4ce2,BAJAJFINSV,EQ,N,16289.0,16025.85,16061.0,16096.55,16082.0,16181.2,174327,2818077936.45,19325.0,8960.05,35662,INE918I01018,2022-02-18,2022-02-17T18:30:00.000Z,2023-01-23T13:21:45.225Z,2023-01-23T13:21:45.225Z,0,,16165.47,18-Feb-2022,
546,63d7aba0ad649f00071bfa95,BAJAJFINSV,EQ,N,17546.7,17201.0,17444.0,17382.95,17400.0,17237.35,238349,4137876173.85,19325.0,8273.7,51442,INE918I01018,2021-12-01,2021-11-30T18:30:00.000Z,2023-01-30T11:36:00.099Z,2023-01-30T11:36:00.099Z,0,,17360.58,01-Dec-2021,
547,63d7abafd0920400073c5671,BAJAJFINSV,EQ,N,17890.0,17273.45,17400.0,17758.15,17800.0,17382.95,213881,3758321652.85,19325.0,8273.7,38888,INE918I01018,2021-12-02,2021-12-01T18:30:00.000Z,2023-01-30T11:36:15.172Z,2023-01-30T11:36:15.172Z,0,,17572.02,02-Dec-2021,
548,63d7abbe3aa4bc0006fd2d06,BAJAJFINSV,EQ,N,17889.75,17450.0,17750.0,17488.7,17501.25,17758.15,203459,3587383776.55,19325.0,8273.7,35206,INE918I01018,2021-12-03,2021-12-02T18:30:00.000Z,2023-01-30T11:36:30.264Z,2023-01-30T11:36:30.264Z,0,,17631.97,03-Dec-2021,
549,63d7abcdce536a00074636cf,BAJAJFINSV,EQ,N,17598.95,16851.0,17487.0,16893.45,16917.0,17488.7,203690,3488464821.5,19325.0,8273.7,36409,INE918I01018,2021-12-06,2021-12-05T18:30:00.000Z,2023-01-30T11:36:45.441Z,2023-01-30T11:36:45.441Z,0,,17126.34,06-Dec-2021,
550,63d7abdcac8548000761d16d,BAJAJFINSV,EQ,N,17250.0,16931.7,17140.0,17109.0,17112.0,16893.45,230078,3936628071.7,19325.0,8273.7,39767,INE918I01018,2021-12-07,2021-12-06T18:30:00.000Z,2023-01-30T11:37:00.506Z,2023-01-30T11:37:00.506Z,0,,17109.97,07-Dec-2021,
551,63d7abebad649f00071c03cb,BAJAJFINSV,EQ,N,17674.25,17166.0,17166.0,17621.65,17600.0,17109.0,284299,4978641466.6,19325.0,8273.7,54711,INE918I01018,2021-12-08,2021-12-07T18:30:00.000Z,2023-01-30T11:37:15.676Z,2023-01-30T11:37:15.676Z,0,,17511.99,08-Dec-2021,
552,63d7abfac49cb60007c47490,BAJAJFINSV,EQ,N,17771.9,17487.0,17625.35,17596.6,17601.0,17621.65,210382,3704052968.65,19325.0,8273.7,37073,INE918I01018,2021-12-09,2021-12-08T18:30:00.000Z,2023-01-30T11:37:30.715Z,2023-01-30T11:37:30.715Z,0,,17606.32,09-Dec-2021,
553,63d7ac09ad649f00071c0d19,BAJAJFINSV,EQ,N,17763.55,17300.65,17580.0,17711.1,17682.0,17596.6,233314,4085494744.95,19325.0,8273.7,36964,INE918I01018,2021-12-10,2021-12-09T18:30:00.000Z,2023-01-30T11:37:45.885Z,2023-01-30T11:37:45.885Z,0,,17510.71,10-Dec-2021,
554,63d7ac18ce536a000746406c,BAJAJFINSV,EQ,N,17835.95,17250.0,17750.0,17324.0,17338.0,17711.1,219913,3840982127.6,19325.0,8273.7,39800,INE918I01018,2021-12-13,2021-12-12T18:30:00.000Z,2023-01-30T11:38:00.948Z,2023-01-30T11:38:00.948Z,0,,17465.92,13-Dec-2021,
555,63d7ac284a097d0008718000,BAJAJFINSV,EQ,N,17260.0,16865.0,17200.0,17123.5,17160.0,17324.0,242026,4132878712.85,19325.0,8273.7,51526,INE918I01018,2021-12-14,2021-12-13T18:30:00.000Z,2023-01-30T11:38:16.066Z,2023-01-30T11:38:16.066Z,0,,17076.18,14-Dec-2021,
556,63d7ac3791e6ce00070b10a5,BAJAJFINSV,EQ,N,17214.95,16620.0,17169.0,16660.7,16690.0,17123.5,253221,4258800013.95,19325.0,8273.7,49176,INE918I01018,2021-12-15,2021-12-14T18:30:00.000Z,2023-01-30T11:38:31.162Z,2023-01-30T11:38:31.162Z,0,,16818.51,15-Dec-2021,
557,63d7ac4634f4430007b60da0,BAJAJFINSV,EQ,N,16950.0,16575.0,16870.0,16703.35,16710.0,16660.7,325350,5437395644.2,19325.0,8273.7,61573,INE918I01018,2021-12-16,2021-12-15T18:30:00.000Z,2023-01-30T11:38:46.299Z,2023-01-30T11:38:46.299Z,0,,16712.45,16-Dec-2021,
558,63d7ac551e67540007c99d0f,BAJAJFINSV,EQ,N,16850.0,16133.0,16650.0,16204.2,16191.0,16703.35,305435,4982204468.95,19325.0,8273.7,62080,INE918I01018,2021-12-17,2021-12-16T18:30:00.000Z,2023-01-30T11:39:01.426Z,2023-01-30T11:39:01.426Z,0,,16311.83,17-Dec-2021,
559,63d7ac6491e6ce00070b1a0a,BAJAJFINSV,EQ,N,15940.0,15450.0,15940.0,15826.2,15770.05,16204.2,337160,5283425460.55,19325.0,8273.7,64782,INE918I01018,2021-12-20,2021-12-19T18:30:00.000Z,2023-01-30T11:39:16.448Z,2023-01-30T11:39:16.448Z,0,,15670.38,20-Dec-2021,
560,63d7ac73ad649f00071c1671,BAJAJFINSV,EQ,N,16150.0,15677.0,16150.0,15831.95,15835.65,15826.2,336805,5368605469.8,19325.0,8273.7,53959,INE918I01018,2021-12-21,2021-12-20T18:30:00.000Z,2023-01-30T11:39:31.566Z,2023-01-30T11:39:31.566Z,0,,15939.8,21-Dec-2021,
561,63d7ac82d0920400073c5fe5,BAJAJFINSV,EQ,N,16184.95,15830.0,15931.0,15945.9,15938.0,15831.95,261292,4170295126.3,19325.0,8273.7,40821,INE918I01018,2021-12-22,2021-12-21T18:30:00.000Z,2023-01-30T11:39:46.738Z,2023-01-30T11:39:46.738Z,0,,15960.29,22-Dec-2021,
562,63d7ac91ec06e30007fc16fe,BAJAJFINSV,EQ,N,16219.55,16026.5,16100.0,16169.9,16140.0,15945.9,181118,2921620402.9,19325.0,8273.7,34425,INE918I01018,2021-12-23,2021-12-22T18:30:00.000Z,2023-01-30T11:40:01.852Z,2023-01-30T11:40:01.852Z,0,,16131.03,23-Dec-2021,
563,63d7aca0ec6af300077bbd9a,BAJAJFINSV,EQ,N,16250.0,15800.0,16250.0,15920.55,15915.25,16169.9,208736,3326323676.2,19325.0,8273.7,32827,INE918I01018,2021-12-24,2021-12-23T18:30:00.000Z,2023-01-30T11:40:16.905Z,2023-01-30T11:40:16.905Z,0,,15935.55,24-Dec-2021,
564,63d7acb0efeae70008bb601b,BAJAJFINSV,EQ,N,16139.95,15561.05,15610.35,16013.1,16041.0,15920.55,235114,3742291959.75,19325.0,8273.7,37451,INE918I01018,2021-12-27,2021-12-26T18:30:00.000Z,2023-01-30T11:40:32.044Z,2023-01-30T11:40:32.044Z,0,,15916.93,27-Dec-2021,
565,63d7acbfec06e30007fc20d3,BAJAJFINSV,EQ,N,16249.0,16021.65,16172.35,16100.85,16100.3,16013.1,145722,2350936682.45,19325.0,8273.7,24684,INE918I01018,2021-12-28,2021-12-27T18:30:00.000Z,2023-01-30T11:40:47.153Z,2023-01-30T11:40:47.153Z,0,,16133.03,28-Dec-2021,
566,63d7acceec6af300077bc743,BAJAJFINSV,EQ,N,16330.0,15966.0,16100.3,16249.05,16215.0,16100.85,172428,2794992558.6,19325.0,8273.7,26699,INE918I01018,2021-12-29,2021-12-28T18:30:00.000Z,2023-01-30T11:41:02.259Z,2023-01-30T11:41:02.259Z,0,,16209.62,29-Dec-2021,
567,63d7acdd4a097d0008718996,BAJAJFINSV,EQ,N,16281.8,15974.5,16200.0,16167.55,16212.0,16249.05,283146,4555766350.6,19325.0,8273.7,42979,INE918I01018,2021-12-30,2021-12-29T18:30:00.000Z,2023-01-30T11:41:17.382Z,2023-01-30T11:41:17.382Z,0,,16089.81,30-Dec-2021,
568,63d7acec1e67540007c9a67a,BAJAJFINSV,EQ,N,16500.0,16170.0,16197.55,16406.2,16451.6,16167.55,230086,3770564473.15,19325.0,8273.7,37716,INE918I01018,2021-12-31,2021-12-30T18:30:00.000Z,2023-01-30T11:41:32.448Z,2023-01-30T11:41:32.448Z,0,,16387.63,31-Dec-2021,
569,63ce87f5c7c0c80007db7409,BAJAJFINSV,EQ,N,17040.0,16406.5,16406.5,16981.3,16960.0,16406.2,271061,4560111238.65,19325.0,8273.7,43891,INE918I01018,2022-01-03,2022-01-02T18:30:00.000Z,2023-01-23T13:13:25.920Z,2023-01-23T13:13:25.920Z,0,,16823.19,03-Jan-2022,
570,63ce8804c8ca820007f86e10,BAJAJFINSV,EQ,N,17190.0,16852.1,17099.0,17135.45,17100.0,16981.3,230043,3926147038.05,19325.0,8273.7,38093,INE918I01018,2022-01-04,2022-01-03T18:30:00.000Z,2023-01-23T13:13:40.977Z,2023-01-23T13:13:40.977Z,0,,17067.01,04-Jan-2022,
571,63ce8814c7c0c80007db7dc3,BAJAJFINSV,EQ,N,18050.0,17100.0,17100.0,17988.4,17983.3,17135.45,608210,10810976454.4,19325.0,8273.7,85891,INE918I01018,2022-01-05,2022-01-04T18:30:00.000Z,2023-01-23T13:13:56.088Z,2023-01-23T13:13:56.088Z,0,,17775.07,05-Jan-2022,
572,63ce882362e21900073794ce,BAJAJFINSV,EQ,N,18080.0,17701.0,17701.0,17986.5,17955.1,17988.4,351136,6279919703.6,19325.0,8273.7,57967,INE918I01018,2022-01-06,2022-01-05T18:30:00.000Z,2023-01-23T13:14:11.255Z,2023-01-23T13:14:11.255Z,0,,17884.58,06-Jan-2022,
573,63ce88323920dc0007436cb4,BAJAJFINSV,EQ,N,18142.95,17580.0,18075.0,17756.9,17723.6,17986.5,322914,5754410641.9,19325.0,8273.7,54893,INE918I01018,2022-01-07,2022-01-06T18:30:00.000Z,2023-01-23T13:14:26.384Z,2023-01-23T13:14:26.384Z,0,,17820.26,07-Jan-2022,
574,63ce8841c7307c0007d9cb3b,BAJAJFINSV,EQ,N,18000.0,17730.65,17800.0,17798.8,17779.95,17756.9,169797,3032419085.1,19325.0,8273.7,32869,INE918I01018,2022-01-10,2022-01-09T18:30:00.000Z,2023-01-23T13:14:41.512Z,2023-01-23T13:14:41.512Z,0,,17859.09,10-Jan-2022,
575,63d79f7334f4430007b582cc,BAJAJFINSV,EQ,N,19250.55,18550.0,18600.0,18658.15,18676.85,18579.6,505330,9581455345.8,19325.0,5511.05,87576,INE918I01018,2021-10-22,2021-10-21T18:30:00.000Z,2023-01-30T10:44:03.096Z,2023-01-30T10:44:03.096Z,0,,18960.79,22-Oct-2021,
576,63d79f82a2a6d30007754a9f,BAJAJFINSV,EQ,N,18947.0,18000.0,18700.0,18087.15,18050.0,18658.15,301804,5523967802.35,19325.0,5511.05,60044,INE918I01018,2021-10-25,2021-10-24T18:30:00.000Z,2023-01-30T10:44:18.862Z,2023-01-30T10:44:18.862Z,0,,18303.16,25-Oct-2021,
577,63d79f91d0920400073bfc70,BAJAJFINSV,EQ,N,18450.0,17975.05,18200.0,18353.35,18400.0,18087.15,296749,5407068827.05,19325.0,5511.05,53475,INE918I01018,2021-10-26,2021-10-25T18:30:00.000Z,2023-01-30T10:44:33.955Z,2023-01-30T10:44:33.955Z,0,,18221.02,26-Oct-2021,
578,63d79fa0d0920400073c05c1,BAJAJFINSV,EQ,N,18599.0,17770.0,18599.0,18012.0,17980.0,18353.35,325301,5874939372.55,19325.0,5511.05,60650,INE918I01018,2021-10-27,2021-10-26T18:30:00.000Z,2023-01-30T10:44:48.990Z,2023-01-30T10:44:48.990Z,0,,18060.01,27-Oct-2021,
579,63d79fb0d0920400073c0f4d,BAJAJFINSV,EQ,N,18372.05,17802.0,18012.0,17987.7,17945.0,18012.0,342550,6187589392.15,19325.0,5511.05,69447,INE918I01018,2021-10-28,2021-10-27T18:30:00.000Z,2023-01-30T10:45:04.343Z,2023-01-30T10:45:04.343Z,0,,18063.32,28-Oct-2021,
580,63d79fbec49cb60007c42386,BAJAJFINSV,EQ,N,18174.0,17139.55,17987.7,17821.15,17860.0,17987.7,320536,5721069068.4,19325.0,5511.05,68932,INE918I01018,2021-10-29,2021-10-28T18:30:00.000Z,2023-01-30T10:45:18.703Z,2023-01-30T10:45:18.703Z,0,,17848.44,29-Oct-2021,
581,63d7aa71c49cb60007c46b3a,BAJAJFINSV,EQ,N,17980.0,17171.0,17900.0,17565.7,17535.0,17821.15,384929,6731130493.35,19325.0,5560.0,75129,INE918I01018,2021-11-01,2021-10-31T18:30:00.000Z,2023-01-30T11:30:57.824Z,2023-01-30T11:30:57.824Z,0,,17486.68,01-Nov-2021,
582,63d7aa8091e6ce00070afd3e,BAJAJFINSV,EQ,N,17894.9,17392.55,17650.0,17542.6,17549.0,17565.7,271929,4793640627.9,19325.0,5560.0,52262,INE918I01018,2021-11-02,2021-11-01T18:30:00.000Z,2023-01-30T11:31:13.002Z,2023-01-30T11:31:13.002Z,0,,17628.28,02-Nov-2021,
583,63d7aa904a097d0008716d5e,BAJAJFINSV,EQ,N,17754.75,17449.1,17579.7,17509.45,17500.2,17542.6,183802,3230398743.05,19325.0,5560.0,37811,INE918I01018,2021-11-03,2021-11-02T18:30:00.000Z,2023-01-30T11:31:28.145Z,2023-01-30T11:31:28.145Z,0,,17575.43,03-Nov-2021,
584,63d7aa9fb726b40007af930d,BAJAJFINSV,EQ,N,17750.0,17500.0,17650.0,17594.0,17588.0,17509.45,31506,555116929.0,19325.0,5560.0,8501,INE918I01018,2021-11-04,2021-11-03T18:30:00.000Z,2023-01-30T11:31:43.104Z,2023-01-30T11:31:43.104Z,0,,17619.4,04-Nov-2021,
585,63d7aaae664d7a0006781972,BAJAJFINSV,EQ,N,18392.95,17515.0,17650.9,18319.75,18330.3,17594.0,316199,5703939263.3,19325.0,6257.5,56185,INE918I01018,2021-11-08,2021-11-07T18:30:00.000Z,2023-01-30T11:31:58.280Z,2023-01-30T11:31:58.280Z,0,,18039.08,08-Nov-2021,
586,63d7aabd4a097d00087176bf,BAJAJFINSV,EQ,N,18475.0,18080.0,18320.0,18172.5,18150.0,18319.75,198087,3610858701.75,19325.0,6257.5,38725,INE918I01018,2021-11-09,2021-11-08T18:30:00.000Z,2023-01-30T11:32:13.427Z,2023-01-30T11:32:13.427Z,0,,18228.65,09-Nov-2021,
587,63d7aaccce536a0007462cc5,BAJAJFINSV,EQ,N,18375.0,18002.5,18142.5,18326.15,18295.0,18172.5,178433,3254719563.4,19325.0,6257.5,35454,INE918I01018,2021-11-10,2021-11-09T18:30:00.000Z,2023-01-30T11:32:28.543Z,2023-01-30T11:32:28.543Z,0,,18240.57,10-Nov-2021,
588,63d7aadb91e6ce00070b070f,BAJAJFINSV,EQ,N,18350.0,17810.0,18250.0,17871.35,17877.0,18326.15,215558,3870314579.1,19325.0,6257.5,40049,INE918I01018,2021-11-11,2021-11-10T18:30:00.000Z,2023-01-30T11:32:43.816Z,2023-01-30T11:32:43.816Z,0,,17954.86,11-Nov-2021,
589,63d7aaea06404c0006d98eee,BAJAJFINSV,EQ,N,18349.0,17925.05,18135.0,18273.8,18259.95,17871.35,207802,3768506195.55,19325.0,6257.5,35436,INE918I01018,2021-11-12,2021-11-11T18:30:00.000Z,2023-01-30T11:32:58.748Z,2023-01-30T11:32:58.748Z,0,,18135.08,12-Nov-2021,
590,63d7aaf9b726b40007af9b2a,BAJAJFINSV,EQ,N,18345.0,18000.0,18275.0,18130.5,18155.0,18273.8,170461,3089520834.55,19325.0,7251.0,29056,INE918I01018,2021-11-15,2021-11-14T18:30:00.000Z,2023-01-30T11:33:13.835Z,2023-01-30T11:33:13.835Z,0,,18124.5,15-Nov-2021,
591,63d7ab091947950006e08896,BAJAJFINSV,EQ,N,18511.0,18118.75,18230.0,18209.75,18192.15,18130.5,218955,4012208578.2,19325.0,7251.0,37100,INE918I01018,2021-11-16,2021-11-15T18:30:00.000Z,2023-01-30T11:33:29.082Z,2023-01-30T11:33:29.082Z,0,,18324.35,16-Nov-2021,
592,63d7ab1834f4430007b60427,BAJAJFINSV,EQ,N,18420.0,18111.9,18185.0,18255.4,18249.0,18209.75,146100,2673984741.2,19325.0,7251.0,27160,INE918I01018,2021-11-17,2021-11-16T18:30:00.000Z,2023-01-30T11:33:44.143Z,2023-01-30T11:33:44.143Z,0,,18302.43,17-Nov-2021,
593,63d7ab27efeae70008bb56d1,BAJAJFINSV,EQ,N,18472.0,17811.2,18256.0,17921.25,17925.0,18255.4,274556,4973845140.45,19325.0,7251.0,50268,INE918I01018,2021-11-18,2021-11-17T18:30:00.000Z,2023-01-30T11:33:59.176Z,2023-01-30T11:33:59.176Z,0,,18115.96,18-Nov-2021,
594,63d7ab363aa4bc0006fd1a25,BAJAJFINSV,EQ,N,18140.0,16830.05,18140.0,17073.75,17059.0,17921.25,370700,6409009132.5,19325.0,8273.7,71711,INE918I01018,2021-11-22,2021-11-21T18:30:00.000Z,2023-01-30T11:34:14.258Z,2023-01-30T11:34:14.258Z,0,,17288.94,22-Nov-2021,
595,63d7ab451e67540007c993d6,BAJAJFINSV,EQ,N,17437.85,16757.25,16880.0,17368.1,17365.0,17073.75,251315,4331594923.65,19325.0,8273.7,50093,INE918I01018,2021-11-23,2021-11-22T18:30:00.000Z,2023-01-30T11:34:29.427Z,2023-01-30T11:34:29.427Z,0,,17235.72,23-Nov-2021,
596,63d7ab54284b4900075ab5f0,BAJAJFINSV,EQ,N,17647.0,17140.4,17432.0,17408.7,17320.0,17368.1,274024,4772619062.85,19325.0,8273.7,47584,INE918I01018,2021-11-24,2021-11-23T18:30:00.000Z,2023-01-30T11:34:44.581Z,2023-01-30T11:34:44.581Z,0,,17416.79,24-Nov-2021,
597,63d7ab63ec06e30007fc0d7b,BAJAJFINSV,EQ,N,17522.0,17225.25,17349.0,17368.85,17360.0,17408.7,161620,2807492558.75,19325.0,8273.7,32994,INE918I01018,2021-11-25,2021-11-24T18:30:00.000Z,2023-01-30T11:34:59.664Z,2023-01-30T11:34:59.664Z,0,,17370.95,25-Nov-2021,
598,63d7ab72595bb20007084471,BAJAJFINSV,EQ,N,17237.2,16610.0,17200.0,16682.55,16684.0,17368.85,342486,5767874522.45,19325.0,8273.7,64239,INE918I01018,2021-11-26,2021-11-25T18:30:00.000Z,2023-01-30T11:35:14.751Z,2023-01-30T11:35:14.751Z,0,,16841.2,26-Nov-2021,
599,63d7ab813aa4bc0006fd238a,BAJAJFINSV,EQ,N,17098.0,16273.65,16670.0,16890.4,16880.1,16682.55,304218,5114258039.25,19325.0,8273.7,60388,INE918I01018,2021-11-29,2021-11-28T18:30:00.000Z,2023-01-30T11:35:29.845Z,2023-01-30T11:35:29.845Z,0,,16811.16,29-Nov-2021,
600,63d7ab90595bb20007084db6,BAJAJFINSV,EQ,N,17500.0,16880.0,16880.0,17237.35,17240.0,16890.4,458642,7916885306.1,19325.0,8273.7,78259,INE918I01018,2021-11-30,2021-11-29T18:30:00.000Z,2023-01-30T11:35:45.054Z,2023-01-30T11:35:45.054Z,0,,17261.58,30-Nov-2021,
601,63d7aba0ad649f00071bfa95,BAJAJFINSV,EQ,N,17546.7,17201.0,17444.0,17382.95,17400.0,17237.35,238349,4137876173.85,19325.0,8273.7,51442,INE918I01018,2021-12-01,2021-11-30T18:30:00.000Z,2023-01-30T11:36:00.099Z,2023-01-30T11:36:00.099Z,0,,17360.58,01-Dec-2021,
602,63d7a03891e6ce00070a90b3,BAJAJFINSV,EQ,N,16994.0,16580.0,16740.0,16938.2,16923.4,16750.5,216614,3642940077.4,17263.5,5400.0,43547,INE918I01018,2021-09-13,2021-09-12T18:30:00.000Z,2023-01-30T10:47:20.337Z,2023-01-30T10:47:20.337Z,0,,16817.66,13-Sep-2021,
603,63d7a047efeae70008bafe64,BAJAJFINSV,EQ,N,17040.0,16795.8,17000.0,16831.25,16840.0,16938.2,159227,2694520208.8,17263.5,5400.0,34339,INE918I01018,2021-09-14,2021-09-13T18:30:00.000Z,2023-01-30T10:47:35.304Z,2023-01-30T10:47:35.304Z,0,,16922.51,14-Sep-2021,
604,63d7a056ec06e30007fbc879,BAJAJFINSV,EQ,N,16982.0,16802.0,16851.25,16828.9,16830.0,16831.25,123199,2080891718.35,17263.5,5400.0,23422,INE918I01018,2021-09-15,2021-09-14T18:30:00.000Z,2023-01-30T10:47:50.545Z,2023-01-30T10:47:50.545Z,0,,16890.49,15-Sep-2021,
605,63d7a06534f4430007b59033,BAJAJFINSV,EQ,N,16950.4,16625.0,16890.0,16733.0,16712.3,16828.9,154209,2584729314.45,17263.5,5400.0,27595,INE918I01018,2021-09-16,2021-09-15T18:30:00.000Z,2023-01-30T10:48:05.646Z,2023-01-30T10:48:05.646Z,0,,16761.21,16-Sep-2021,
606,63d7a074b726b40007af4e64,BAJAJFINSV,EQ,N,17499.0,16750.05,16840.0,16840.2,16872.0,16733.0,654951,11223129370.25,17499.0,5400.0,95813,INE918I01018,2021-09-17,2021-09-16T18:30:00.000Z,2023-01-30T10:48:20.658Z,2023-01-30T10:48:20.658Z,0,,17135.83,17-Sep-2021,
607,63d7a083595bb2000707e550,BAJAJFINSV,EQ,N,17334.0,16700.1,16775.05,17018.95,17018.6,16840.2,325204,5561506702.05,17499.0,5400.0,58369,INE918I01018,2021-09-20,2021-09-19T18:30:00.000Z,2023-01-30T10:48:35.913Z,2023-01-30T10:48:35.913Z,0,,17101.59,20-Sep-2021,
608,63d7a09234f4430007b59957,BAJAJFINSV,EQ,N,17655.0,16814.05,17100.0,17587.25,17589.05,17018.95,384694,6652043525.85,17655.0,5400.0,68602,INE918I01018,2021-09-21,2021-09-20T18:30:00.000Z,2023-01-30T10:48:50.888Z,2023-01-30T10:48:50.888Z,0,,17291.78,21-Sep-2021,
609,63d7a0a1ec6af300077b6d0c,BAJAJFINSV,EQ,N,17780.0,17505.0,17589.05,17614.75,17643.4,17587.25,256982,4527693016.8,17780.0,5400.0,42390,INE918I01018,2021-09-22,2021-09-21T18:30:00.000Z,2023-01-30T10:49:05.338Z,2023-01-30T10:49:05.338Z,0,,17618.72,22-Sep-2021,
610,63d7a0b0d0920400073c1eaf,BAJAJFINSV,EQ,N,18750.0,17682.05,17787.5,18503.85,18430.0,17614.75,712551,13112339829.0,18750.0,5400.0,109610,INE918I01018,2021-09-23,2021-09-22T18:30:00.000Z,2023-01-30T10:49:20.394Z,2023-01-30T10:49:20.394Z,0,,18401.97,23-Sep-2021,
611,63d7a0bf595bb2000707eb3c,BAJAJFINSV,EQ,N,18813.0,18317.4,18599.95,18526.0,18548.0,18503.85,373175,6924407904.65,18813.0,5400.0,66012,INE918I01018,2021-09-24,2021-09-23T18:30:00.000Z,2023-01-30T10:49:35.502Z,2023-01-30T10:49:35.502Z,0,,18555.39,24-Sep-2021,
612,63d7a0ce06404c0006d93bf7,BAJAJFINSV,EQ,N,18747.6,17930.05,18570.0,18031.1,18050.0,18526.0,407168,7432248685.65,18813.0,5511.05,73122,INE918I01018,2021-09-27,2021-09-26T18:30:00.000Z,2023-01-30T10:49:50.625Z,2023-01-30T10:49:50.625Z,0,,18253.52,27-Sep-2021,
613,63d7a0de4a097d0008711dad,BAJAJFINSV,EQ,N,18186.0,17430.1,18185.0,17550.35,17535.5,18031.1,322058,5712859429.5,18813.0,5511.05,65851,INE918I01018,2021-09-28,2021-09-27T18:30:00.000Z,2023-01-30T10:50:06.795Z,2023-01-30T10:50:06.795Z,0,,17738.6,28-Sep-2021,
614,63d7a0ec1e67540007c93f78,BAJAJFINSV,EQ,N,17647.9,17307.8,17498.8,17433.75,17428.0,17550.35,309712,5408309311.75,18813.0,5511.05,71576,INE918I01018,2021-09-29,2021-09-28T18:30:00.000Z,2023-01-30T10:50:20.962Z,2023-01-30T10:50:20.962Z,0,,17462.38,29-Sep-2021,
615,63d7a0fc1e67540007c94c77,BAJAJFINSV,EQ,N,17859.95,17412.2,17500.0,17786.75,17801.0,17433.75,343000,6060893298.15,18813.0,5511.05,59760,INE918I01018,2021-09-30,2021-09-29T18:30:00.000Z,2023-01-30T10:50:36.924Z,2023-01-30T10:50:36.924Z,0,,17670.24,30-Sep-2021,
616,63d79ea0c49cb60007c41da9,BAJAJFINSV,EQ,N,17736.05,17050.0,17736.05,17177.8,17215.0,17786.75,432677,7474499903.5,18813.0,5511.05,77152,INE918I01018,2021-10-01,2021-09-30T18:30:00.000Z,2023-01-30T10:40:32.220Z,2023-01-30T10:40:32.220Z,0,,17275.01,01-Oct-2021,
617,63d79eafce536a000745f092,BAJAJFINSV,EQ,N,17936.0,17301.0,17359.95,17806.2,17755.0,17177.8,401325,7099489815.45,18813.0,5511.05,68963,INE918I01018,2021-10-04,2021-10-03T18:30:00.000Z,2023-01-30T10:40:47.239Z,2023-01-30T10:40:47.239Z,0,,17690.13,04-Oct-2021,
618,63d79ebdd0920400073bef57,BAJAJFINSV,EQ,N,17950.0,17525.0,17754.0,17847.5,17860.0,17806.2,268163,4767721769.8,18813.0,5511.05,47112,INE918I01018,2021-10-05,2021-10-04T18:30:00.000Z,2023-01-30T10:41:01.498Z,2023-01-30T10:41:01.498Z,0,,17779.19,05-Oct-2021,
619,63d79ecd06404c0006d92d74,BAJAJFINSV,EQ,N,18145.55,17557.95,17974.0,17616.6,17590.0,17847.5,300421,5354033803.7,18813.0,5511.05,54223,INE918I01018,2021-10-06,2021-10-05T18:30:00.000Z,2023-01-30T10:41:17.494Z,2023-01-30T10:41:17.494Z,0,,17821.77,06-Oct-2021,
620,63d79edc1947950006e00c41,BAJAJFINSV,EQ,N,17880.0,17425.0,17800.0,17470.25,17520.0,17616.6,224100,3951822033.4,18813.0,5511.05,40788,INE918I01018,2021-10-07,2021-10-06T18:30:00.000Z,2023-01-30T10:41:32.476Z,2023-01-30T10:41:32.476Z,0,,17634.19,07-Oct-2021,
621,63d79eeaa2a6d30007753d6a,BAJAJFINSV,EQ,N,17740.5,17460.0,17620.0,17549.45,17560.0,17470.25,152238,2677575824.55,18813.0,5511.05,29658,INE918I01018,2021-10-08,2021-10-07T18:30:00.000Z,2023-01-30T10:41:46.846Z,2023-01-30T10:41:46.846Z,0,,17588.09,08-Oct-2021,
622,63d79ef91e67540007c935e8,BAJAJFINSV,EQ,N,18045.0,17607.0,17665.65,17713.95,17725.0,17549.45,234090,4175684719.2,18813.0,5511.05,42382,INE918I01018,2021-10-11,2021-10-10T18:30:00.000Z,2023-01-30T10:42:01.956Z,2023-01-30T10:42:01.956Z,0,,17837.95,11-Oct-2021,
623,63d79f091947950006e0122e,BAJAJFINSV,EQ,N,18475.0,17631.0,17713.95,18222.65,18238.2,17713.95,454592,8266469085.4,18813.0,5511.05,77619,INE918I01018,2021-10-12,2021-10-11T18:30:00.000Z,2023-01-30T10:42:17.175Z,2023-01-30T10:42:17.175Z,0,,18184.37,12-Oct-2021,
624,63d79f18b726b40007af4180,BAJAJFINSV,EQ,N,18574.9,18148.6,18355.0,18188.25,18176.05,18222.65,318388,5843105285.55,18813.0,5511.05,47844,INE918I01018,2021-10-13,2021-10-12T18:30:00.000Z,2023-01-30T10:42:32.197Z,2023-01-30T10:42:32.197Z,0,,18352.15,13-Oct-2021,
625,63d79f28ec06e30007fbbef3,BAJAJFINSV,EQ,N,18540.0,18215.1,18350.0,18488.9,18510.0,18188.25,196805,3623372695.15,18813.0,5511.05,42492,INE918I01018,2021-10-14,2021-10-13T18:30:00.000Z,2023-01-30T10:42:48.092Z,2023-01-30T10:42:48.092Z,0,,18410.98,14-Oct-2021,
626,63d79f36284b4900075a596a,BAJAJFINSV,EQ,N,19100.0,18552.8,18850.0,18677.95,18685.0,18488.9,293948,5522360414.55,19100.0,5511.05,52531,INE918I01018,2021-10-18,2021-10-17T18:30:00.000Z,2023-01-30T10:43:02.597Z,2023-01-30T10:43:02.597Z,0,,18786.86,18-Oct-2021,
627,63d79f4606404c0006d9365a,BAJAJFINSV,EQ,N,19325.0,18600.5,19000.0,19076.55,18935.8,18677.95,387846,7385786410.0,19325.0,5511.05,63984,INE918I01018,2021-10-19,2021-10-18T18:30:00.000Z,2023-01-30T10:43:18.233Z,2023-01-30T10:43:18.233Z,0,,19043.09,19-Oct-2021,
628,63d79f54ac85480007613ef9,BAJAJFINSV,EQ,N,19063.0,18404.25,19063.0,18603.2,18630.1,19076.55,224798,4205404321.7,19325.0,5511.05,46565,INE918I01018,2021-10-20,2021-10-19T18:30:00.000Z,2023-01-30T10:43:32.675Z,2023-01-30T10:43:32.675Z,0,,18707.48,20-Oct-2021,
629,63d79f64ec6af300077b5e2c,BAJAJFINSV,EQ,N,18789.3,18346.7,18788.0,18579.6,18600.0,18603.2,192533,3566488345.25,19325.0,5511.05,35627,INE918I01018,2021-10-21,2021-10-20T18:30:00.000Z,2023-01-30T10:43:48.687Z,2023-01-30T10:43:48.687Z,0,,18524.04,21-Oct-2021,
630,63d79f7334f4430007b582cc,BAJAJFINSV,EQ,N,19250.55,18550.0,18600.0,18658.15,18676.85,18579.6,505330,9581455345.8,19325.0,5511.05,87576,INE918I01018,2021-10-22,2021-10-21T18:30:00.000Z,2023-01-30T10:44:03.096Z,2023-01-30T10:44:03.096Z,0,,18960.79,22-Oct-2021,
631,63d7a11befeae70008bb0798,BAJAJFINSV,EQ,N,14318.35,14160.0,14250.0,14295.0,14269.95,14125.15,202430,2883625675.9,14925.0,5400.0,32725,INE918I01018,2021-08-03,2021-08-02T18:30:00.000Z,2023-01-30T10:51:07.187Z,2023-01-30T10:51:07.187Z,0,,14245.05,03-Aug-2021,
632,63d7a12ab726b40007af57ad,BAJAJFINSV,EQ,N,14485.0,14156.1,14289.95,14187.2,14202.0,14295.0,283194,4052545704.55,14925.0,5400.0,41935,INE918I01018,2021-08-04,2021-08-03T18:30:00.000Z,2023-01-30T10:51:22.254Z,2023-01-30T10:51:22.254Z,0,,14310.14,04-Aug-2021,
633,63d7a139a2a6d30007755454,BAJAJFINSV,EQ,N,14248.9,13961.6,14207.8,13994.9,14003.0,14187.2,291527,4097643392.65,14925.0,5400.0,35910,INE918I01018,2021-08-05,2021-08-04T18:30:00.000Z,2023-01-30T10:51:37.264Z,2023-01-30T10:51:37.264Z,0,,14055.79,05-Aug-2021,
634,63d7a14834f4430007b5a29b,BAJAJFINSV,EQ,N,14108.7,13975.0,14070.0,14005.65,14003.7,13994.9,137473,1929344892.2,14925.0,5400.0,23235,INE918I01018,2021-08-06,2021-08-05T18:30:00.000Z,2023-01-30T10:51:52.392Z,2023-01-30T10:51:52.392Z,0,,14034.36,06-Aug-2021,
635,63d7a157ec6af300077b79b3,BAJAJFINSV,EQ,N,14460.0,14007.6,14007.6,14242.9,14225.0,14005.65,318865,4550919215.5,14925.0,5400.0,52010,INE918I01018,2021-08-09,2021-08-08T18:30:00.000Z,2023-01-30T10:52:07.785Z,2023-01-30T10:52:07.785Z,0,,14272.24,09-Aug-2021,
636,63d7a166ac85480007614bc8,BAJAJFINSV,EQ,N,14333.75,14004.0,14270.0,14036.5,14050.0,14242.9,206363,2920692832.95,14925.0,5400.0,31363,INE918I01018,2021-08-10,2021-08-09T18:30:00.000Z,2023-01-30T10:52:22.842Z,2023-01-30T10:52:22.842Z,0,,14153.18,10-Aug-2021,
637,63d7a17534f4430007b5abb7,BAJAJFINSV,EQ,N,14233.45,13852.75,14099.0,14206.2,14188.0,14036.5,211850,2980509218.1,14925.0,5400.0,35805,INE918I01018,2021-08-11,2021-08-10T18:30:00.000Z,2023-01-30T10:52:37.991Z,2023-01-30T10:52:37.991Z,0,,14068.96,11-Aug-2021,
638,63d7a1851947950006e03150,BAJAJFINSV,EQ,N,14380.0,14130.0,14210.0,14340.7,14310.1,14206.2,160934,2295113996.05,14925.0,5400.0,26001,INE918I01018,2021-08-12,2021-08-11T18:30:00.000Z,2023-01-30T10:52:53.011Z,2023-01-30T10:52:53.011Z,0,,14261.21,12-Aug-2021,
639,63d7a194efeae70008bb1103,BAJAJFINSV,EQ,N,14430.9,14265.0,14340.0,14317.5,14310.1,14340.7,153843,2204606953.2,14925.0,5400.0,30146,INE918I01018,2021-08-13,2021-08-12T18:30:00.000Z,2023-01-30T10:53:08.316Z,2023-01-30T10:53:08.316Z,0,,14330.24,13-Aug-2021,
640,63d7a1a3ac8548000761544f,BAJAJFINSV,EQ,N,14607.0,14309.0,14316.4,14549.3,14497.55,14317.5,243262,3525972112.05,14925.0,5400.0,39189,INE918I01018,2021-08-16,2021-08-15T18:30:00.000Z,2023-01-30T10:53:23.311Z,2023-01-30T10:53:23.311Z,0,,14494.55,16-Aug-2021,
641,63d7a1b2284b4900075a66ec,BAJAJFINSV,EQ,N,14800.0,14360.05,14525.0,14737.25,14799.0,14549.3,242069,3534312004.35,14925.0,5400.0,37661,INE918I01018,2021-08-17,2021-08-16T18:30:00.000Z,2023-01-30T10:53:38.633Z,2023-01-30T10:53:38.633Z,0,,14600.43,17-Aug-2021,
642,63d7a1c1595bb2000707f7dc,BAJAJFINSV,EQ,N,15238.0,14736.7,14737.25,15006.35,14961.5,14737.25,391734,5895548305.8,15238.0,5400.0,59415,INE918I01018,2021-08-18,2021-08-17T18:30:00.000Z,2023-01-30T10:53:53.690Z,2023-01-30T10:53:53.690Z,0,,15049.88,18-Aug-2021,
643,63d7a1d0c49cb60007c43961,BAJAJFINSV,EQ,N,15149.0,14800.05,14856.35,14978.55,14950.0,15006.35,275052,4125699197.4,15238.0,5400.0,47039,INE918I01018,2021-08-20,2021-08-19T18:30:00.000Z,2023-01-30T10:54:08.925Z,2023-01-30T10:54:08.925Z,0,,14999.71,20-Aug-2021,
644,63d7a1e0595bb20007080100,BAJAJFINSV,EQ,N,15420.0,15065.0,15148.0,15271.9,15260.3,14978.55,326688,4987408195.7,15420.0,5400.0,46938,INE918I01018,2021-08-23,2021-08-22T18:30:00.000Z,2023-01-30T10:54:24.025Z,2023-01-30T10:54:24.025Z,0,,15266.58,23-Aug-2021,
645,63d7a1efac85480007615ce8,BAJAJFINSV,EQ,N,16584.8,15260.0,15367.55,16461.7,16460.0,15271.9,1274393,20581111537.95,16584.8,5400.0,180694,INE918I01018,2021-08-24,2021-08-23T18:30:00.000Z,2023-01-30T10:54:39.096Z,2023-01-30T10:54:39.096Z,0,,16149.74,24-Aug-2021,
646,63d7a1fec49cb60007c4429d,BAJAJFINSV,EQ,N,16799.0,15850.0,16545.0,15904.4,15979.95,16461.7,974598,15836728629.25,16799.0,5400.0,149647,INE918I01018,2021-08-25,2021-08-24T18:30:00.000Z,2023-01-30T10:54:54.312Z,2023-01-30T10:54:54.312Z,0,,16249.5,25-Aug-2021,
647,63d7a20d4a097d00087126de,BAJAJFINSV,EQ,N,16124.2,15678.3,16000.5,15958.8,15915.9,15904.4,606882,9656159624.85,16799.0,5400.0,94129,INE918I01018,2021-08-26,2021-08-25T18:30:00.000Z,2023-01-30T10:55:09.604Z,2023-01-30T10:55:09.604Z,0,,15911.1,26-Aug-2021,
648,63d7a21d284b4900075a7033,BAJAJFINSV,EQ,N,16251.95,15780.05,16080.0,16195.6,16186.0,15958.8,441475,7085273542.9,16799.0,5400.0,70118,INE918I01018,2021-08-27,2021-08-26T18:30:00.000Z,2023-01-30T10:55:25.061Z,2023-01-30T10:55:25.061Z,0,,16049.09,27-Aug-2021,
649,63d7a22b1e67540007c955c6,BAJAJFINSV,EQ,N,16595.0,16260.0,16475.0,16560.4,16525.0,16195.6,336038,5534342228.65,16799.0,5400.0,51864,INE918I01018,2021-08-30,2021-08-29T18:30:00.000Z,2023-01-30T10:55:39.759Z,2023-01-30T10:55:39.759Z,0,,16469.39,30-Aug-2021,
650,63d7a23a3aa4bc0006fcca7e,BAJAJFINSV,EQ,N,17200.0,16428.25,16500.0,17148.75,17093.8,16560.4,652127,11035903781.25,17200.0,5400.0,89222,INE918I01018,2021-08-31,2021-08-30T18:30:00.000Z,2023-01-30T10:55:54.813Z,2023-01-30T10:55:54.813Z,0,,16922.94,31-Aug-2021,
651,63d79fce664d7a000677d349,BAJAJFINSV,EQ,N,17263.5,16740.15,17166.45,16786.3,16788.0,17148.75,461843,7823493193.25,17263.5,5400.0,82471,INE918I01018,2021-09-01,2021-08-31T18:30:00.000Z,2023-01-30T10:45:34.639Z,2023-01-30T10:45:34.639Z,0,,16939.72,01-Sep-2021,
652,63d79fdd1947950006e01eeb,BAJAJFINSV,EQ,N,16900.0,16610.0,16865.0,16703.25,16710.0,16786.3,276879,4636327444.45,17263.5,5400.0,51745,INE918I01018,2021-09-02,2021-09-01T18:30:00.000Z,2023-01-30T10:45:49.616Z,2023-01-30T10:45:49.616Z,0,,16744.96,02-Sep-2021,
653,63d79fec3aa4bc0006fcc0db,BAJAJFINSV,EQ,N,16859.85,16560.0,16776.8,16734.35,16733.0,16703.25,248555,4146320979.0,17263.5,5400.0,50054,INE918I01018,2021-09-03,2021-09-02T18:30:00.000Z,2023-01-30T10:46:04.898Z,2023-01-30T10:46:04.898Z,0,,16681.7,03-Sep-2021,
654,63d79ffbd0920400073c18e2,BAJAJFINSV,EQ,N,16968.95,16675.0,16835.0,16747.0,16725.0,16734.35,176958,2973250784.65,17263.5,5400.0,37329,INE918I01018,2021-09-06,2021-09-05T18:30:00.000Z,2023-01-30T10:46:19.777Z,2023-01-30T10:46:19.777Z,0,,16802.01,06-Sep-2021,
655,63d7a00ac49cb60007c4300f,BAJAJFINSV,EQ,N,16944.7,16630.95,16749.0,16781.2,16771.0,16747.0,188193,3157713554.9,17263.5,5400.0,35938,INE918I01018,2021-09-07,2021-09-06T18:30:00.000Z,2023-01-30T10:46:34.844Z,2023-01-30T10:46:34.844Z,0,,16779.12,07-Sep-2021,
656,63d7a01aefeae70008baf55c,BAJAJFINSV,EQ,N,16888.95,16529.0,16760.0,16560.75,16594.0,16781.2,190932,3176789759.15,17263.5,5400.0,33517,INE918I01018,2021-09-08,2021-09-07T18:30:00.000Z,2023-01-30T10:46:50.136Z,2023-01-30T10:46:50.136Z,0,,16638.33,08-Sep-2021,
657,63d7a029ec6af300077b6769,BAJAJFINSV,EQ,N,16826.95,16484.05,16594.0,16750.5,16740.0,16560.75,180816,3005683779.85,17263.5,5400.0,32277,INE918I01018,2021-09-09,2021-09-08T18:30:00.000Z,2023-01-30T10:47:05.382Z,2023-01-30T10:47:05.382Z,0,,16622.89,09-Sep-2021,
658,63d7a4891947950006e055de,BAJAJFINSV,EQ,N,12396.0,12165.0,12282.25,12333.25,12395.0,12282.25,278573,3420043685.7,12400.0,5400.0,35702,INE918I01018,2021-06-24,2021-06-23T18:30:00.000Z,2023-01-30T11:05:45.097Z,2023-01-30T11:05:45.097Z,0,,12277.01,24-Jun-2021,
659,63d7a498284b4900075a7965,BAJAJFINSV,EQ,N,12520.0,12320.5,12355.0,12486.6,12465.0,12333.25,218717,2722192964.95,12520.0,5400.0,27439,INE918I01018,2021-06-25,2021-06-24T18:30:00.000Z,2023-01-30T11:06:00.315Z,2023-01-30T11:06:00.315Z,0,,12446.19,25-Jun-2021,
660,63d7a4a7664d7a000677dca7,BAJAJFINSV,EQ,N,12519.6,12320.0,12500.0,12377.9,12380.0,12486.6,165517,2053379026.1,12520.0,5400.0,25547,INE918I01018,2021-06-28,2021-06-27T18:30:00.000Z,2023-01-30T11:06:15.187Z,2023-01-30T11:06:15.187Z,0,,12405.85,28-Jun-2021,
661,63d7a4b6ec06e30007fbdad6,BAJAJFINSV,EQ,N,12490.0,12271.05,12389.0,12299.9,12300.0,12377.9,157178,1944984994.5,12520.0,5400.0,22352,INE918I01018,2021-06-29,2021-06-28T18:30:00.000Z,2023-01-30T11:06:30.786Z,2023-01-30T11:06:30.786Z,0,,12374.41,29-Jun-2021,
662,63d7a4c534f4430007b5cfee,BAJAJFINSV,EQ,N,12369.55,12065.0,12346.0,12109.05,12076.2,12299.9,231546,2827209626.75,12520.0,5400.0,35279,INE918I01018,2021-06-30,2021-06-29T18:30:00.000Z,2023-01-30T11:06:45.461Z,2023-01-30T11:06:45.461Z,0,,12210.14,30-Jun-2021,
663,63d7a24a3aa4bc0006fcd3ff,BAJAJFINSV,EQ,N,12198.0,11801.0,12198.0,11816.45,11839.0,12109.05,321521,3839398724.55,12520.0,5400.0,43679,INE918I01018,2021-07-01,2021-06-30T18:30:00.000Z,2023-01-30T10:56:10.104Z,2023-01-30T10:56:10.104Z,0,,11941.36,01-Jul-2021,
664,63d7a25934f4430007b5b4d9,BAJAJFINSV,EQ,N,11969.0,11651.0,11969.0,11750.45,11766.0,11816.45,355437,4175013670.7,12520.0,5400.0,42660,INE918I01018,2021-07-02,2021-07-01T18:30:00.000Z,2023-01-30T10:56:25.107Z,2023-01-30T10:56:25.107Z,0,,11746.14,02-Jul-2021,
665,63d7a268ad649f00071beb6c,BAJAJFINSV,EQ,N,11942.0,11799.0,11799.0,11923.1,11905.4,11750.45,155869,1852788044.55,12520.0,5400.0,22350,INE918I01018,2021-07-05,2021-07-04T18:30:00.000Z,2023-01-30T10:56:40.294Z,2023-01-30T10:56:40.294Z,0,,11886.83,05-Jul-2021,
666,63d7a277a2a6d30007755d7f,BAJAJFINSV,EQ,N,12282.35,11871.3,11890.0,12090.8,12090.2,11923.1,320522,3875053545.25,12520.0,5400.0,49330,INE918I01018,2021-07-06,2021-07-05T18:30:00.000Z,2023-01-30T10:56:55.292Z,2023-01-30T10:56:55.292Z,0,,12089.82,06-Jul-2021,
667,63d7a2861947950006e03a87,BAJAJFINSV,EQ,N,12399.0,12000.0,12000.0,12374.15,12334.95,12090.8,404800,4976529495.55,12520.0,5400.0,57942,INE918I01018,2021-07-07,2021-07-06T18:30:00.000Z,2023-01-30T10:57:10.626Z,2023-01-30T10:57:10.626Z,0,,12293.8,07-Jul-2021,
668,63d7a295b726b40007af6100,BAJAJFINSV,EQ,N,12450.0,12240.0,12320.0,12333.9,12351.0,12374.15,206630,2551165390.5,12520.0,5400.0,24790,INE918I01018,2021-07-08,2021-07-07T18:30:00.000Z,2023-01-30T10:57:25.598Z,2023-01-30T10:57:25.598Z,0,,12346.54,08-Jul-2021,"[{'symbol': 'BAJAJFINSV', 'series': 'EQ', 'ind': '-', 'faceVal': '1', 'subject': ' Annual General Meeting/Dividend - Rs 3 Per Share', 'exDate': '08-Jul-2021', 'recDate': '-', 'bcStartDate': '10-Jul-2021', 'bcEndDate': '21-Jul-2021', 'ndStartDate': '-', 'comp': 'Bajaj Finserv Limited', 'isin': 'INE918I01018', 'ndEndDate': '-', 'caBroadcastDate': None}]"
669,63d7a2a4595bb20007080a22,BAJAJFINSV,EQ,N,12912.0,12345.0,12351.0,12854.75,12775.15,12333.9,791922,10060649309.05,12912.0,5400.0,82004,INE918I01018,2021-07-09,2021-07-08T18:30:00.000Z,2023-01-30T10:57:40.812Z,2023-01-30T10:57:40.812Z,0,,12704.09,09-Jul-2021,
670,63d7a2b3ec6af300077b82ed,BAJAJFINSV,EQ,N,12945.4,12738.95,12888.95,12908.9,12875.0,12854.75,409158,5249871335.8,12945.4,5400.0,48684,INE918I01018,2021-07-12,2021-07-11T18:30:00.000Z,2023-01-30T10:57:55.737Z,2023-01-30T10:57:55.737Z,0,,12830.91,12-Jul-2021,
671,63d7a2c31e67540007c95efb,BAJAJFINSV,EQ,N,12998.8,12805.0,12902.4,12909.4,12900.55,12908.9,274181,3534607017.3,12998.8,5400.0,37243,INE918I01018,2021-07-13,2021-07-12T18:30:00.000Z,2023-01-30T10:58:11.269Z,2023-01-30T10:58:11.269Z,0,,12891.51,13-Jul-2021,
672,63d7a2d2c49cb60007c44bd1,BAJAJFINSV,EQ,N,13033.0,12851.5,12862.5,12991.2,12980.0,12909.4,240151,3112955090.9,13033.0,5400.0,31091,INE918I01018,2021-07-14,2021-07-13T18:30:00.000Z,2023-01-30T10:58:26.398Z,2023-01-30T10:58:26.398Z,0,,12962.49,14-Jul-2021,
673,63d7a2e14a097d0008713021,BAJAJFINSV,EQ,N,13110.0,12922.0,12976.0,12958.95,12950.0,12991.2,177991,2313948027.6,13110.0,5400.0,27078,INE918I01018,2021-07-15,2021-07-14T18:30:00.000Z,2023-01-30T10:58:41.570Z,2023-01-30T10:58:41.570Z,0,,13000.37,15-Jul-2021,
674,63d7a2f034f4430007b5bdc1,BAJAJFINSV,EQ,N,13025.0,12725.75,12958.95,12745.7,12766.25,12958.95,252782,3248285911.4,13110.0,5400.0,34235,INE918I01018,2021-07-16,2021-07-15T18:30:00.000Z,2023-01-30T10:58:56.725Z,2023-01-30T10:58:56.725Z,0,,12850.15,16-Jul-2021,
675,63d7a2ff3aa4bc0006fcdd28,BAJAJFINSV,EQ,N,12820.0,12643.2,12680.0,12721.1,12725.0,12745.7,188197,2395310711.9,13110.0,5400.0,26561,INE918I01018,2021-07-19,2021-07-18T18:30:00.000Z,2023-01-30T10:59:11.855Z,2023-01-30T10:59:11.855Z,0,,12727.68,19-Jul-2021,
676,63d7a30ece536a000745fa01,BAJAJFINSV,EQ,N,12771.0,12536.55,12725.0,12597.15,12613.0,12721.1,145137,1834304337.75,13110.0,5400.0,28418,INE918I01018,2021-07-20,2021-07-19T18:30:00.000Z,2023-01-30T10:59:26.938Z,2023-01-30T10:59:26.938Z,0,,12638.43,20-Jul-2021,
677,63d7a31eec06e30007fbd1a1,BAJAJFINSV,EQ,N,13100.0,12300.05,12310.1,13064.6,13051.85,12597.15,524877,6773073867.55,13110.0,5400.0,81198,INE918I01018,2021-07-22,2021-07-21T18:30:00.000Z,2023-01-30T10:59:42.036Z,2023-01-30T10:59:42.036Z,0,,12904.12,22-Jul-2021,
678,63d7a32d34f4430007b5c6d3,BAJAJFINSV,EQ,N,13243.95,12945.05,13044.0,13201.2,13208.0,13064.6,289870,3807953265.1,13243.95,5400.0,46244,INE918I01018,2021-07-23,2021-07-22T18:30:00.000Z,2023-01-30T10:59:57.188Z,2023-01-30T10:59:57.188Z,0,,13136.76,23-Jul-2021,
679,63d7a33c4a097d0008713970,BAJAJFINSV,EQ,N,13575.45,13154.9,13199.0,13525.05,13515.85,13201.2,421170,5652382922.25,13575.45,5400.0,49151,INE918I01018,2021-07-26,2021-07-25T18:30:00.000Z,2023-01-30T11:00:12.238Z,2023-01-30T11:00:12.238Z,0,,13420.67,26-Jul-2021,
680,63d7a34bac85480007616615,BAJAJFINSV,EQ,N,13844.95,13503.15,13531.15,13807.85,13795.6,13525.05,413415,5678623979.4,13844.95,5400.0,48419,INE918I01018,2021-07-27,2021-07-26T18:30:00.000Z,2023-01-30T11:00:27.446Z,2023-01-30T11:00:27.446Z,0,,13735.89,27-Jul-2021,
681,63d7a35ace536a000746030e,BAJAJFINSV,EQ,N,14001.0,13755.0,13847.85,13970.55,13960.0,13807.85,319493,4444243608.2,14001.0,5400.0,53701,INE918I01018,2021-07-28,2021-07-27T18:30:00.000Z,2023-01-30T11:00:42.493Z,2023-01-30T11:00:42.493Z,0,,13910.3,28-Jul-2021,
682,63d7a36906404c0006d948aa,BAJAJFINSV,EQ,N,14925.0,13940.1,13960.0,14599.05,14516.0,13970.55,710514,10263508605.25,14925.0,5400.0,108790,INE918I01018,2021-07-29,2021-07-28T18:30:00.000Z,2023-01-30T11:00:57.617Z,2023-01-30T11:00:57.617Z,0,,14445.19,29-Jul-2021,
683,63d7a3781947950006e043ad,BAJAJFINSV,EQ,N,14613.85,14161.0,14605.0,14222.2,14240.0,14599.05,354543,5069341574.3,14925.0,5400.0,51231,INE918I01018,2021-07-30,2021-07-29T18:30:00.000Z,2023-01-30T11:01:12.835Z,2023-01-30T11:01:12.835Z,0,,14298.24,30-Jul-2021,
684,63d7a10c1947950006e02831,BAJAJFINSV,EQ,N,14399.95,14082.55,14375.0,14125.15,14134.0,14222.2,264709,3757208111.55,14925.0,5400.0,44561,INE918I01018,2021-08-02,2021-08-01T18:30:00.000Z,2023-01-30T10:50:52.247Z,2023-01-30T10:50:52.247Z,0,,14193.73,02-Aug-2021,
685,63d7a11befeae70008bb0798,BAJAJFINSV,EQ,N,14318.35,14160.0,14250.0,14295.0,14269.95,14125.15,202430,2883625675.9,14925.0,5400.0,32725,INE918I01018,2021-08-03,2021-08-02T18:30:00.000Z,2023-01-30T10:51:07.187Z,2023-01-30T10:51:07.187Z,0,,14245.05,03-Aug-2021,
686,63d7a55cd0920400073c2b3e,BAJAJFINSV,EQ,N,11375.0,10942.65,10970.0,11249.35,11240.0,10971.5,318021,3579659231.45,11549.0,3985.3,43217,INE918I01018,2021-05-17,2021-05-16T18:30:00.000Z,2023-01-30T11:09:16.916Z,2023-01-30T11:09:16.916Z,0,,11256.05,17-May-2021,
687,63d7a56b595bb20007081bc4,BAJAJFINSV,EQ,N,11589.0,11290.1,11345.65,11396.8,11350.0,11249.35,403959,4626218747.65,11589.0,3985.3,43882,INE918I01018,2021-05-18,2021-05-17T18:30:00.000Z,2023-01-30T11:09:31.472Z,2023-01-30T11:09:31.472Z,0,,11452.2,18-May-2021,
688,63d7a57bac85480007619510,BAJAJFINSV,EQ,N,11434.0,11170.05,11390.0,11215.15,11195.0,11396.8,227567,2564602367.85,11589.0,3985.3,29420,INE918I01018,2021-05-19,2021-05-18T18:30:00.000Z,2023-01-30T11:09:47.110Z,2023-01-30T11:09:47.110Z,0,,11269.66,19-May-2021,
689,63d7a589ac85480007619eb8,BAJAJFINSV,EQ,N,11299.95,11130.7,11260.0,11227.9,11250.05,11215.15,177897,1996457858.9,11589.0,3985.3,22845,INE918I01018,2021-05-20,2021-05-19T18:30:00.000Z,2023-01-30T11:10:01.939Z,2023-01-30T11:10:01.939Z,0,,11222.55,20-May-2021,
690,63d7a599b726b40007af7383,BAJAJFINSV,EQ,N,11415.0,11213.0,11296.7,11265.15,11250.0,11227.9,277521,3136495116.05,11589.0,3985.3,41242,INE918I01018,2021-05-21,2021-05-20T18:30:00.000Z,2023-01-30T11:10:17.111Z,2023-01-30T11:10:17.111Z,0,,11301.83,21-May-2021,
691,63d7a5a8664d7a000677ef0a,BAJAJFINSV,EQ,N,11365.0,11095.0,11265.45,11166.8,11145.0,11265.15,214229,2400519207.0,11589.0,3985.3,25201,INE918I01018,2021-05-24,2021-05-23T18:30:00.000Z,2023-01-30T11:10:32.136Z,2023-01-30T11:10:32.136Z,0,,11205.39,24-May-2021,
692,63d7a5b7efeae70008bb1a34,BAJAJFINSV,EQ,N,11405.0,11201.3,11245.0,11375.85,11400.0,11166.8,394151,4470729157.5,11589.0,3985.3,34635,INE918I01018,2021-05-25,2021-05-24T18:30:00.000Z,2023-01-30T11:10:47.306Z,2023-01-30T11:10:47.306Z,0,,11342.68,25-May-2021,
693,63d7a5c61e67540007c970d1,BAJAJFINSV,EQ,N,11980.0,11385.15,11400.0,11906.4,11900.0,11375.85,1015265,11857512429.45,11980.0,3985.3,76099,INE918I01018,2021-05-26,2021-05-25T18:30:00.000Z,2023-01-30T11:11:02.205Z,2023-01-30T11:11:02.205Z,0,,11679.23,26-May-2021,
694,63d7a5d5efeae70008bb2384,BAJAJFINSV,EQ,N,11968.15,11732.05,11910.0,11888.8,11907.0,11906.4,407973,4825410955.35,11980.0,3985.3,48427,INE918I01018,2021-05-27,2021-05-26T18:30:00.000Z,2023-01-30T11:11:17.537Z,2023-01-30T11:11:17.537Z,0,,11827.77,27-May-2021,
695,63d7a5e44a097d00087155c3,BAJAJFINSV,EQ,N,12024.95,11680.0,11925.0,11713.2,11725.0,11888.8,263315,3116784795.7,12024.95,3985.3,39962,INE918I01018,2021-05-28,2021-05-27T18:30:00.000Z,2023-01-30T11:11:32.647Z,2023-01-30T11:11:32.647Z,0,,11836.72,28-May-2021,
696,63d7a5f41e67540007c97a6c,BAJAJFINSV,EQ,N,11855.05,11618.0,11713.2,11806.3,11828.4,11713.2,241152,2827238873.85,12024.95,4476.75,38172,INE918I01018,2021-05-31,2021-05-30T18:30:00.000Z,2023-01-30T11:11:48.230Z,2023-01-30T11:11:48.230Z,0,,11723.89,31-May-2021,
697,63d7a38891e6ce00070a9a3f,BAJAJFINSV,EQ,N,11947.6,11627.05,11830.0,11829.9,11760.0,11806.3,302421,3565575006.35,12024.95,4476.75,40605,INE918I01018,2021-06-01,2021-05-31T18:30:00.000Z,2023-01-30T11:01:28.684Z,2023-01-30T11:01:28.684Z,0,,11790.1,01-Jun-2021,
698,63d7a397ac85480007616f58,BAJAJFINSV,EQ,N,11860.0,11701.55,11709.0,11823.6,11815.0,11829.9,183421,2160286999.95,12024.95,4476.75,24385,INE918I01018,2021-06-02,2021-06-01T18:30:00.000Z,2023-01-30T11:01:43.215Z,2023-01-30T11:01:43.215Z,0,,11777.75,02-Jun-2021,
699,63d7a3a6ec6af300077b8c07,BAJAJFINSV,EQ,N,11923.9,11780.55,11899.0,11819.85,11812.0,11823.6,183816,2177314423.7,12024.95,4476.75,23769,INE918I01018,2021-06-03,2021-06-02T18:30:00.000Z,2023-01-30T11:01:58.595Z,2023-01-30T11:01:58.595Z,0,,11845.08,03-Jun-2021,
700,63d7a3b5595bb20007081342,BAJAJFINSV,EQ,N,12190.0,11785.0,11855.0,12155.65,12125.0,11819.85,410769,4938298047.75,12190.0,4476.75,42893,INE918I01018,2021-06-04,2021-06-03T18:30:00.000Z,2023-01-30T11:02:13.803Z,2023-01-30T11:02:13.803Z,0,,12022.08,04-Jun-2021,
701,63d7a3c44a097d00087142f3,BAJAJFINSV,EQ,N,12008.8,11684.65,11880.0,11828.55,11798.05,12155.65,514727,6073563243.15,12190.0,4900.0,63620,INE918I01018,2021-06-07,2021-06-06T18:30:00.000Z,2023-01-30T11:02:28.920Z,2023-01-30T11:02:28.920Z,0,,11799.58,07-Jun-2021,
702,63d7a3d3ce536a0007460c1c,BAJAJFINSV,EQ,N,11900.0,11670.0,11900.0,11733.1,11725.4,11828.55,289609,3404618418.65,12190.0,4900.0,36157,INE918I01018,2021-06-08,2021-06-07T18:30:00.000Z,2023-01-30T11:02:43.884Z,2023-01-30T11:02:43.884Z,0,,11755.91,08-Jun-2021,
703,63d7a3e391e6ce00070aa403,BAJAJFINSV,EQ,N,11838.0,11430.5,11740.0,11558.85,11550.0,11733.1,308286,3588898644.3,12190.0,4900.0,40325,INE918I01018,2021-06-09,2021-06-08T18:30:00.000Z,2023-01-30T11:02:59.249Z,2023-01-30T11:02:59.249Z,0,,11641.46,09-Jun-2021,
704,63d7a3f106404c0006d951f0,BAJAJFINSV,EQ,N,12208.0,11500.35,11551.0,11993.1,12000.0,11558.85,629998,7495474573.15,12208.0,4900.0,76937,INE918I01018,2021-06-10,2021-06-09T18:30:00.000Z,2023-01-30T11:03:13.857Z,2023-01-30T11:03:13.857Z,0,,11897.62,10-Jun-2021,
705,63d7a400b726b40007af6a40,BAJAJFINSV,EQ,N,12080.0,11852.9,12000.0,11907.5,11900.0,11993.1,352994,4222335781.0,12208.0,4900.0,44424,INE918I01018,2021-06-11,2021-06-10T18:30:00.000Z,2023-01-30T11:03:28.874Z,2023-01-30T11:03:28.874Z,0,,11961.49,11-Jun-2021,
706,63d7a4103aa4bc0006fce6bc,BAJAJFINSV,EQ,N,12015.0,11671.65,11851.0,11926.15,11940.0,11907.5,288785,3432350325.15,12208.0,4980.7,38858,INE918I01018,2021-06-14,2021-06-13T18:30:00.000Z,2023-01-30T11:03:44.147Z,2023-01-30T11:03:44.147Z,0,,11885.49,14-Jun-2021,
707,63d7a41f1e67540007c9684c,BAJAJFINSV,EQ,N,12084.9,11765.0,11949.0,11798.7,11800.0,11926.15,314841,3741889080.3,12208.0,4980.7,41211,INE918I01018,2021-06-15,2021-06-14T18:30:00.000Z,2023-01-30T11:03:59.242Z,2023-01-30T11:03:59.242Z,0,,11885.01,15-Jun-2021,
708,63d7a42eac85480007617891,BAJAJFINSV,EQ,N,11985.0,11775.0,11810.0,11856.15,11860.0,11798.7,247539,2941101198.7,12208.0,4980.7,30795,INE918I01018,2021-06-16,2021-06-15T18:30:00.000Z,2023-01-30T11:04:14.238Z,2023-01-30T11:04:14.238Z,0,,11881.36,16-Jun-2021,
709,63d7a43dec6af300077b955c,BAJAJFINSV,EQ,N,11937.2,11739.95,11750.0,11818.55,11810.0,11856.15,220170,2607811093.5,12208.0,4980.7,28670,INE918I01018,2021-06-17,2021-06-16T18:30:00.000Z,2023-01-30T11:04:29.452Z,2023-01-30T11:04:29.452Z,0,,11844.53,17-Jun-2021,
710,63d7a44c1947950006e04cc7,BAJAJFINSV,EQ,N,12100.0,11720.85,11860.0,11999.35,11995.0,11818.55,489567,5841099579.4,12208.0,4980.7,60420,INE918I01018,2021-06-18,2021-06-17T18:30:00.000Z,2023-01-30T11:04:44.569Z,2023-01-30T11:04:44.569Z,0,,11931.15,18-Jun-2021,
711,63d7a45b4a097d0008714c6e,BAJAJFINSV,EQ,N,12199.75,11776.85,11800.0,12156.4,12161.15,11999.35,294853,3548322986.7,12208.0,5400.0,37498,INE918I01018,2021-06-21,2021-06-20T18:30:00.000Z,2023-01-30T11:04:59.545Z,2023-01-30T11:04:59.545Z,0,,12034.21,21-Jun-2021,
712,63d7a46ac49cb60007c45512,BAJAJFINSV,EQ,N,12266.0,12081.0,12199.0,12131.65,12138.0,12156.4,274923,3346120557.65,12266.0,5400.0,35329,INE918I01018,2021-06-22,2021-06-21T18:30:00.000Z,2023-01-30T11:05:14.915Z,2023-01-30T11:05:14.915Z,0,,12171.12,22-Jun-2021,
713,63d7a4793aa4bc0006fcf024,BAJAJFINSV,EQ,N,12400.0,12080.0,12225.0,12282.25,12287.85,12131.65,378555,4644290574.95,12400.0,5400.0,45449,INE918I01018,2021-06-23,2021-06-22T18:30:00.000Z,2023-01-30T11:05:29.923Z,2023-01-30T11:05:29.923Z,0,,12268.47,23-Jun-2021,
714,63d7a4891947950006e055de,BAJAJFINSV,EQ,N,12396.0,12165.0,12282.25,12333.25,12395.0,12282.25,278573,3420043685.7,12400.0,5400.0,35702,INE918I01018,2021-06-24,2021-06-23T18:30:00.000Z,2023-01-30T11:05:45.097Z,2023-01-30T11:05:45.097Z,0,,12277.01,24-Jun-2021,
715,63d7a61291e6ce00070aad44,BAJAJFINSV,EQ,N,9763.9,9150.0,9760.0,9481.65,9480.0,9789.5,612166,5740586173.95,10579.0,3985.3,72614,INE918I01018,2021-04-05,2021-04-04T18:30:00.000Z,2023-01-30T11:12:18.017Z,2023-01-30T11:12:18.017Z,0,,9377.5,05-Apr-2021,
716,63d7a621ad649f00071bf49d,BAJAJFINSV,EQ,N,9625.0,9475.05,9551.0,9519.5,9515.0,9481.65,344125,3283268283.95,10579.0,3985.3,40127,INE918I01018,2021-04-06,2021-04-05T18:30:00.000Z,2023-01-30T11:12:33.186Z,2023-01-30T11:12:33.186Z,0,,9540.92,06-Apr-2021,
717,63d7a630d0920400073c3543,BAJAJFINSV,EQ,N,9658.4,9466.35,9519.5,9539.6,9539.0,9519.5,300003,2871488081.15,10579.0,3985.3,35512,INE918I01018,2021-04-07,2021-04-06T18:30:00.000Z,2023-01-30T11:12:48.515Z,2023-01-30T11:12:48.515Z,0,,9571.53,07-Apr-2021,
718,63d7a63f1e67540007c98408,BAJAJFINSV,EQ,N,9735.15,9575.05,9590.0,9654.8,9650.5,9539.6,353634,3418940297.6,10579.0,3985.3,44290,INE918I01018,2021-04-08,2021-04-07T18:30:00.000Z,2023-01-30T11:13:03.423Z,2023-01-30T11:13:03.423Z,0,,9668.02,08-Apr-2021,
719,63d7a64ed0920400073c3eed,BAJAJFINSV,EQ,N,9715.0,9561.0,9611.0,9629.05,9645.25,9654.8,328699,3171695443.4,10579.0,3985.3,35721,INE918I01018,2021-04-09,2021-04-08T18:30:00.000Z,2023-01-30T11:13:18.402Z,2023-01-30T11:13:18.402Z,0,,9649.24,09-Apr-2021,
720,63d7a65db726b40007af7cb6,BAJAJFINSV,EQ,N,9459.8,9035.85,9419.95,9163.15,9175.0,9629.05,566836,5222074635.05,10579.0,3985.3,82499,INE918I01018,2021-04-12,2021-04-11T18:30:00.000Z,2023-01-30T11:13:33.831Z,2023-01-30T11:13:33.831Z,0,,9212.67,12-Apr-2021,
721,63d7a66cb726b40007af8522,BAJAJFINSV,EQ,N,9847.5,9190.05,9200.0,9806.7,9766.0,9163.15,830915,7966624621.25,10579.0,3985.3,100243,INE918I01018,2021-04-13,2021-04-12T18:30:00.000Z,2023-01-30T11:13:48.339Z,2023-01-30T11:13:48.339Z,0,,9587.77,13-Apr-2021,
722,63d7a67b3aa4bc0006fcf91b,BAJAJFINSV,EQ,N,9834.0,9597.0,9751.7,9739.7,9760.0,9806.7,587504,5695271715.9,10579.0,3985.3,91201,INE918I01018,2021-04-15,2021-04-14T18:30:00.000Z,2023-01-30T11:14:03.748Z,2023-01-30T11:14:03.748Z,0,,9694.01,15-Apr-2021,
723,63d7a68aefeae70008bb2c95,BAJAJFINSV,EQ,N,9880.0,9765.0,9765.0,9824.75,9801.0,9739.7,400132,3930846973.35,10579.0,3985.3,54931,INE918I01018,2021-04-16,2021-04-15T18:30:00.000Z,2023-01-30T11:14:18.940Z,2023-01-30T11:14:18.940Z,0,,9823.88,16-Apr-2021,
724,63d7a69a664d7a000677f891,BAJAJFINSV,EQ,N,9654.0,9392.6,9505.5,9469.9,9485.0,9824.75,697435,6626487995.7,10579.0,3985.3,117451,INE918I01018,2021-04-19,2021-04-18T18:30:00.000Z,2023-01-30T11:14:34.181Z,2023-01-30T11:14:34.181Z,0,,9501.23,19-Apr-2021,
725,63d7a6a9284b4900075a8b05,BAJAJFINSV,EQ,N,9945.5,9600.0,9600.0,9819.4,9799.9,9469.9,798732,7846952683.5,10579.0,3985.3,90313,INE918I01018,2021-04-20,2021-04-19T18:30:00.000Z,2023-01-30T11:14:49.174Z,2023-01-30T11:14:49.174Z,0,,9824.26,20-Apr-2021,
726,63d7a6b806404c0006d95b34,BAJAJFINSV,EQ,N,9911.9,9610.0,9700.0,9853.85,9840.0,9819.4,582210,5674650744.65,10579.0,3985.3,82982,INE918I01018,2021-04-22,2021-04-21T18:30:00.000Z,2023-01-30T11:15:04.330Z,2023-01-30T11:15:04.330Z,0,,9746.74,22-Apr-2021,
727,63d7a6c7ce536a00074614ff,BAJAJFINSV,EQ,N,10142.4,9740.0,9740.0,9916.65,9911.0,9853.85,628025,6253047672.0,10579.0,3985.3,72208,INE918I01018,2021-04-23,2021-04-22T18:30:00.000Z,2023-01-30T11:15:19.336Z,2023-01-30T11:15:19.336Z,0,,9956.69,23-Apr-2021,
728,63d7a6d64a097d0008715edb,BAJAJFINSV,EQ,N,10125.0,9902.2,9992.0,10001.75,10000.85,9916.65,419596,4194162615.75,10579.0,3985.3,45113,INE918I01018,2021-04-26,2021-04-25T18:30:00.000Z,2023-01-30T11:15:34.497Z,2023-01-30T11:15:34.497Z,0,,9995.72,26-Apr-2021,
729,63d7a6e54a097d00087167bb,BAJAJFINSV,EQ,N,10133.0,9964.7,10000.0,10091.35,10133.0,10001.75,342847,3441071542.4,10579.0,3985.3,40414,INE918I01018,2021-04-27,2021-04-26T18:30:00.000Z,2023-01-30T11:15:49.627Z,2023-01-30T11:15:49.627Z,0,,10036.76,27-Apr-2021,
730,63d7a6f4284b4900075a941d,BAJAJFINSV,EQ,N,10615.95,10151.15,10200.0,10489.3,10480.0,10091.35,1113881,11635556646.9,10615.95,3985.3,126354,INE918I01018,2021-04-28,2021-04-27T18:30:00.000Z,2023-01-30T11:16:04.972Z,2023-01-30T11:16:04.972Z,0,,10445.96,28-Apr-2021,
731,63d7a7041947950006e067c5,BAJAJFINSV,EQ,N,11300.0,10520.0,10540.0,11176.55,11175.45,10489.3,1696498,18628220713.6,11300.0,3985.3,165425,INE918I01018,2021-04-29,2021-04-28T18:30:00.000Z,2023-01-30T11:16:20.078Z,2023-01-30T11:16:20.078Z,0,,10980.4,29-Apr-2021,
732,63d7a712ac8548000761a7d6,BAJAJFINSV,EQ,N,11225.0,10868.7,11000.0,11041.65,11021.0,11176.55,835355,9257222874.2,11300.0,3985.3,85986,INE918I01018,2021-04-30,2021-04-29T18:30:00.000Z,2023-01-30T11:16:34.922Z,2023-01-30T11:16:34.922Z,0,,11081.78,30-Apr-2021,
733,63d7a4d4a2a6d30007756694,BAJAJFINSV,EQ,N,11110.85,10814.15,10901.0,11041.7,11030.0,11041.65,396931,4349810375.1,11300.0,3985.3,43658,INE918I01018,2021-05-03,2021-05-02T18:30:00.000Z,2023-01-30T11:07:00.635Z,2023-01-30T11:07:00.635Z,0,,10958.61,03-May-2021,
734,63d7a4e3ac854800076181b1,BAJAJFINSV,EQ,N,11218.85,10872.0,11200.0,10986.45,10993.0,11041.7,522101,5763457416.05,11300.0,3985.3,55521,INE918I01018,2021-05-04,2021-05-03T18:30:00.000Z,2023-01-30T11:07:15.825Z,2023-01-30T11:07:15.825Z,0,,11038.97,04-May-2021,
735,63d7a4f234f4430007b5d8dd,BAJAJFINSV,EQ,N,11194.65,10915.2,11111.0,11114.45,11090.0,10986.45,307750,3392305531.45,11300.0,3985.3,36029,INE918I01018,2021-05-05,2021-05-04T18:30:00.000Z,2023-01-30T11:07:30.843Z,2023-01-30T11:07:30.843Z,0,,11022.93,05-May-2021,
736,63d7a502284b4900075a824e,BAJAJFINSV,EQ,N,11194.1,10990.0,11100.0,11027.95,11000.0,11114.45,228840,2532560810.2,11300.0,3985.3,25320,INE918I01018,2021-05-06,2021-05-05T18:30:00.000Z,2023-01-30T11:07:46.031Z,2023-01-30T11:07:46.031Z,0,,11066.95,06-May-2021,
737,63d7a5111947950006e05eba,BAJAJFINSV,EQ,N,11392.9,11009.9,11050.0,11318.45,11340.0,11027.95,343443,3844034368.1,11392.9,3985.3,40862,INE918I01018,2021-05-07,2021-05-06T18:30:00.000Z,2023-01-30T11:08:01.181Z,2023-01-30T11:08:01.181Z,0,,11192.64,07-May-2021,
738,63d7a520664d7a000677e5b9,BAJAJFINSV,EQ,N,11549.0,11280.0,11390.0,11332.0,11310.0,11318.45,432037,4929918836.75,11549.0,3985.3,52530,INE918I01018,2021-05-10,2021-05-09T18:30:00.000Z,2023-01-30T11:08:16.418Z,2023-01-30T11:08:16.418Z,0,,11410.87,10-May-2021,
739,63d7a52f34f4430007b5e1cd,BAJAJFINSV,EQ,N,11310.65,11139.15,11194.0,11193.05,11177.3,11332.0,198664,2230266313.2,11549.0,3985.3,27956,INE918I01018,2021-05-11,2021-05-10T18:30:00.000Z,2023-01-30T11:08:31.278Z,2023-01-30T11:08:31.278Z,0,,11226.32,11-May-2021,
740,63d7a53eac85480007618b43,BAJAJFINSV,EQ,N,11325.0,11052.4,11190.0,11087.95,11077.7,11193.05,226953,2532476127.55,11549.0,3985.3,27636,INE918I01018,2021-05-12,2021-05-11T18:30:00.000Z,2023-01-30T11:08:46.519Z,2023-01-30T11:08:46.519Z,0,,11158.59,12-May-2021,
741,63d7a54dec06e30007fbe446,BAJAJFINSV,EQ,N,11163.75,10868.0,11111.0,10971.5,10970.0,11087.95,313603,3442005577.9,11549.0,3985.3,37871,INE918I01018,2021-05-14,2021-05-13T18:30:00.000Z,2023-01-30T11:09:01.634Z,2023-01-30T11:09:01.634Z,0,,10975.68,14-May-2021,
742,63d7a962c49cb60007c46623,BAJAJFINSV,EQ,N,10250.0,10015.05,10030.0,10199.6,10201.0,10008.65,269976,2733362366.65,10579.0,3985.3,32454,INE918I01018,2021-02-24,2021-02-23T18:30:00.000Z,2023-01-30T11:26:26.616Z,2023-01-30T11:26:26.616Z,0,,10124.46,24-Feb-2021,
743,63d7a9721e67540007c98db1,BAJAJFINSV,EQ,N,10377.95,10131.6,10340.0,10264.45,10234.0,10199.6,354802,3645591402.75,10579.0,3985.3,39408,INE918I01018,2021-02-25,2021-02-24T18:30:00.000Z,2023-01-30T11:26:42.372Z,2023-01-30T11:26:42.372Z,0,,10275.0,25-Feb-2021,
744,63d7a98191e6ce00070adb5d,BAJAJFINSV,EQ,N,10114.7,9600.0,9950.0,9648.6,9640.25,10264.45,846505,8294510387.25,10579.0,3985.3,90830,INE918I01018,2021-02-26,2021-02-25T18:30:00.000Z,2023-01-30T11:26:57.510Z,2023-01-30T11:26:57.510Z,0,,9798.54,26-Feb-2021,
745,63d7a72206404c0006d9645e,BAJAJFINSV,EQ,N,9848.6,9613.7,9799.0,9774.05,9790.0,9648.6,322437,3142815572.65,10579.0,3985.3,37510,INE918I01018,2021-03-01,2021-02-28T18:30:00.000Z,2023-01-30T11:16:50.185Z,2023-01-30T11:16:50.185Z,0,,9747.07,01-Mar-2021,
746,63d7a73134f4430007b5eac5,BAJAJFINSV,EQ,N,9965.0,9779.1,9850.0,9877.0,9870.55,9774.05,297001,2930552085.45,10579.0,3985.3,36024,INE918I01018,2021-03-02,2021-03-01T18:30:00.000Z,2023-01-30T11:17:05.278Z,2023-01-30T11:17:05.278Z,0,,9867.15,02-Mar-2021,
747,63d7a74006404c0006d96d9e,BAJAJFINSV,EQ,N,10444.95,9890.4,9926.4,10395.6,10369.3,9877.0,504122,5150274531.55,10579.0,3985.3,62530,INE918I01018,2021-03-03,2021-03-02T18:30:00.000Z,2023-01-30T11:17:20.371Z,2023-01-30T11:17:20.371Z,0,,10216.33,03-Mar-2021,
748,63d7a74fac8548000761b0bc,BAJAJFINSV,EQ,N,10280.0,10077.75,10150.0,10129.95,10148.0,10395.6,412117,4192201456.65,10579.0,3985.3,50455,INE918I01018,2021-03-04,2021-03-03T18:30:00.000Z,2023-01-30T11:17:35.543Z,2023-01-30T11:17:35.543Z,0,,10172.36,04-Mar-2021,
749,63d7a75eefeae70008bb3579,BAJAJFINSV,EQ,N,10161.0,9900.05,10080.0,9958.1,9974.0,10129.95,355126,3552950732.9,10579.0,3985.3,42614,INE918I01018,2021-03-05,2021-03-04T18:30:00.000Z,2023-01-30T11:17:50.592Z,2023-01-30T11:17:50.592Z,0,,10004.76,05-Mar-2021,
750,63d7a76dce536a0007461de3,BAJAJFINSV,EQ,N,10045.65,9805.3,9970.0,9839.1,9826.9,9958.1,264007,2616069646.8,10579.0,3985.3,32410,INE918I01018,2021-03-08,2021-03-07T18:30:00.000Z,2023-01-30T11:18:05.783Z,2023-01-30T11:18:05.783Z,0,,9909.09,08-Mar-2021,
751,63d7a77c595bb2000708245e,BAJAJFINSV,EQ,N,10119.95,9860.2,10000.0,9969.15,9975.0,9839.1,306211,3052162779.55,10579.0,3985.3,35492,INE918I01018,2021-03-09,2021-03-08T18:30:00.000Z,2023-01-30T11:18:20.917Z,2023-01-30T11:18:20.917Z,0,,9967.52,09-Mar-2021,
752,63d7a78c1947950006e070d4,BAJAJFINSV,EQ,N,10094.7,9930.6,10025.0,9991.45,9975.0,9969.15,244632,2447590073.0,10579.0,3985.3,34882,INE918I01018,2021-03-10,2021-03-09T18:30:00.000Z,2023-01-30T11:18:36.135Z,2023-01-30T11:18:36.135Z,0,,10005.19,10-Mar-2021,
753,63d7a79bac8548000761b9c7,BAJAJFINSV,EQ,N,10216.1,9840.0,10081.5,9934.1,9930.0,9991.45,454348,4566350874.55,10579.0,3985.3,54691,INE918I01018,2021-03-12,2021-03-11T18:30:00.000Z,2023-01-30T11:18:51.088Z,2023-01-30T11:18:51.088Z,0,,10050.34,12-Mar-2021,
754,63d7a7aa1947950006e079e1,BAJAJFINSV,EQ,N,9969.0,9544.0,9969.0,9689.05,9664.95,9934.1,545919,5286954759.3,10579.0,3985.3,65392,INE918I01018,2021-03-15,2021-03-14T18:30:00.000Z,2023-01-30T11:19:06.563Z,2023-01-30T11:19:06.563Z,0,,9684.5,15-Mar-2021,
755,63d7a7b991e6ce00070ab65f,BAJAJFINSV,EQ,N,9785.65,9585.0,9725.0,9613.3,9637.0,9689.05,370587,3586088427.25,10579.0,3985.3,42539,INE918I01018,2021-03-16,2021-03-15T18:30:00.000Z,2023-01-30T11:19:21.298Z,2023-01-30T11:19:21.298Z,0,,9676.78,16-Mar-2021,
756,63d7a7c806404c0006d97697,BAJAJFINSV,EQ,N,9661.85,9480.05,9630.0,9525.1,9491.0,9613.3,293449,2805732373.15,10579.0,3985.3,39091,INE918I01018,2021-03-17,2021-03-16T18:30:00.000Z,2023-01-30T11:19:36.400Z,2023-01-30T11:19:36.400Z,0,,9561.23,17-Mar-2021,
757,63d7a7d791e6ce00070abf48,BAJAJFINSV,EQ,N,9735.0,9372.0,9600.0,9430.15,9445.0,9525.1,401135,3835947721.45,10579.0,3985.3,53374,INE918I01018,2021-03-18,2021-03-17T18:30:00.000Z,2023-01-30T11:19:51.532Z,2023-01-30T11:19:51.532Z,0,,9562.74,18-Mar-2021,
758,63d7a7e8d0920400073c47b2,BAJAJFINSV,EQ,N,9489.85,9211.6,9350.0,9440.65,9420.9,9430.15,488126,4562908996.25,10579.0,3985.3,60463,INE918I01018,2021-03-19,2021-03-18T18:30:00.000Z,2023-01-30T11:20:08.636Z,2023-01-30T11:20:08.636Z,0,,9347.81,19-Mar-2021,
759,63d7a7f791e6ce00070ac856,BAJAJFINSV,EQ,N,9494.95,9312.05,9450.0,9405.85,9402.0,9440.65,293029,2757273605.8,10579.0,3985.3,39865,INE918I01018,2021-03-22,2021-03-21T18:30:00.000Z,2023-01-30T11:20:23.880Z,2023-01-30T11:20:23.880Z,0,,9409.56,22-Mar-2021,
760,63d7a806664d7a00067801ba,BAJAJFINSV,EQ,N,9506.6,9382.3,9424.0,9405.2,9425.0,9405.85,296483,2796427655.55,10579.0,3985.3,38646,INE918I01018,2021-03-23,2021-03-22T18:30:00.000Z,2023-01-30T11:20:38.967Z,2023-01-30T11:20:38.967Z,0,,9432.0,23-Mar-2021,
761,63d7a815a2a6d30007756f5f,BAJAJFINSV,EQ,N,9378.65,9179.25,9370.0,9202.05,9225.0,9405.2,335439,3111538758.65,10579.0,3985.3,42014,INE918I01018,2021-03-24,2021-03-23T18:30:00.000Z,2023-01-30T11:20:53.894Z,2023-01-30T11:20:53.894Z,0,,9276.02,24-Mar-2021,
762,63d7a825284b4900075a9cff,BAJAJFINSV,EQ,N,9250.0,8960.05,9225.0,9057.55,9100.0,9202.05,382008,3463229719.4,10579.0,3985.3,46963,INE918I01018,2021-03-25,2021-03-24T18:30:00.000Z,2023-01-30T11:21:09.199Z,2023-01-30T11:21:09.199Z,0,,9065.86,25-Mar-2021,
763,63d7a834664d7a0006780ab8,BAJAJFINSV,EQ,N,9507.0,9140.0,9140.0,9467.45,9460.0,9057.55,678636,6385725268.7,10579.0,3985.3,81694,INE918I01018,2021-03-26,2021-03-25T18:30:00.000Z,2023-01-30T11:21:24.156Z,2023-01-30T11:21:24.156Z,0,,9409.65,26-Mar-2021,
764,63d7a84306404c0006d97f95,BAJAJFINSV,EQ,N,9645.0,9440.05,9547.0,9502.35,9516.7,9467.45,356516,3397643921.5,10579.0,3985.3,50471,INE918I01018,2021-03-30,2021-03-29T18:30:00.000Z,2023-01-30T11:21:39.357Z,2023-01-30T11:21:39.357Z,0,,9530.13,30-Mar-2021,
765,63d7a85234f4430007b5f408,BAJAJFINSV,EQ,N,9715.6,9450.0,9512.35,9668.6,9677.85,9502.35,424140,4081015285.5,10579.0,3985.3,57784,INE918I01018,2021-03-31,2021-03-30T18:30:00.000Z,2023-01-30T11:21:54.381Z,2023-01-30T11:21:54.381Z,0,,9621.86,31-Mar-2021,
766,63d7a602ec06e30007fbecfd,BAJAJFINSV,EQ,N,9826.0,9667.5,9730.0,9789.5,9810.0,9668.6,310065,3022824421.0,10579.0,3985.3,30719,INE918I01018,2021-04-01,2021-03-31T18:30:00.000Z,2023-01-30T11:12:02.583Z,2023-01-30T11:12:02.583Z,0,,9749.0,01-Apr-2021,
767,63d7a61291e6ce00070aad44,BAJAJFINSV,EQ,N,9763.9,9150.0,9760.0,9481.65,9480.0,9789.5,612166,5740586173.95,10579.0,3985.3,72614,INE918I01018,2021-04-05,2021-04-04T18:30:00.000Z,2023-01-30T11:12:18.017Z,2023-01-30T11:12:18.017Z,0,,9377.5,05-Apr-2021,
768,63d7a9dbefeae70008bb510a,BAJAJFINSV,EQ,N,8826.2,8610.0,8754.8,8636.1,8630.0,8747.35,519651,4522914238.9,9950.0,3985.3,52056,INE918I01018,2021-01-15,2021-01-14T18:30:00.000Z,2023-01-30T11:28:27.696Z,2023-01-30T11:28:27.696Z,0,,8703.75,15-Jan-2021,
769,63d7a9eaa2a6d30007757844,BAJAJFINSV,EQ,N,8636.1,8273.7,8636.1,8354.6,8350.95,8636.1,634436,5326655333.15,9950.0,3985.3,68153,INE918I01018,2021-01-18,2021-01-17T18:30:00.000Z,2023-01-30T11:28:42.799Z,2023-01-30T11:28:42.799Z,0,,8395.89,18-Jan-2021,
770,63d7a9f9ec6af300077bb7df,BAJAJFINSV,EQ,N,8978.0,8400.0,8400.0,8924.15,8919.0,8354.6,1379718,12123777808.15,9950.0,3985.3,105784,INE918I01018,2021-01-19,2021-01-18T18:30:00.000Z,2023-01-30T11:28:57.855Z,2023-01-30T11:28:57.855Z,0,,8787.14,19-Jan-2021,
771,63d7aa09ce536a00074626f0,BAJAJFINSV,EQ,N,9025.0,8838.0,8938.0,8938.25,8934.9,8924.15,786496,7039725045.9,9950.0,3985.3,72645,INE918I01018,2021-01-20,2021-01-19T18:30:00.000Z,2023-01-30T11:29:13.044Z,2023-01-30T11:29:13.044Z,0,,8950.74,20-Jan-2021,
772,63d7aa1891e6ce00070af78c,BAJAJFINSV,EQ,N,9388.85,8950.5,8995.0,9052.8,9063.0,8938.25,1645377,15205922205.9,9950.0,3985.3,142622,INE918I01018,2021-01-21,2021-01-20T18:30:00.000Z,2023-01-30T11:29:28.223Z,2023-01-30T11:29:28.223Z,0,,9241.6,21-Jan-2021,
773,63d7aa27b726b40007af8d7b,BAJAJFINSV,EQ,N,9213.5,8965.2,9070.0,9071.0,9053.0,9052.8,839822,7630931143.7,9950.0,3985.3,76812,INE918I01018,2021-01-22,2021-01-21T18:30:00.000Z,2023-01-30T11:29:43.146Z,2023-01-30T11:29:43.146Z,0,,9086.37,22-Jan-2021,
774,63d7aa36ac8548000761cbc7,BAJAJFINSV,EQ,N,9344.9,9080.0,9144.0,9198.9,9190.0,9071.0,781122,7198845470.8,9950.0,3985.3,77012,INE918I01018,2021-01-25,2021-01-24T18:30:00.000Z,2023-01-30T11:29:58.183Z,2023-01-30T11:29:58.183Z,0,,9216.03,25-Jan-2021,
775,63d7aa4506404c0006d988e3,BAJAJFINSV,EQ,N,9284.95,9042.05,9165.0,9126.1,9099.2,9198.9,616631,5648481903.9,9950.0,3985.3,68285,INE918I01018,2021-01-27,2021-01-26T18:30:00.000Z,2023-01-30T11:30:13.719Z,2023-01-30T11:30:13.719Z,0,,9160.23,27-Jan-2021,
776,63d7aa54595bb2000708362c,BAJAJFINSV,EQ,N,9215.25,8817.6,9020.0,8955.3,8932.0,9126.1,844736,7603433362.0,9950.0,3985.3,80479,INE918I01018,2021-01-28,2021-01-27T18:30:00.000Z,2023-01-30T11:30:28.505Z,2023-01-30T11:30:28.505Z,0,,9000.96,28-Jan-2021,
777,63d7aa63595bb20007083ee0,BAJAJFINSV,EQ,N,9109.35,8675.55,9041.95,8722.75,8718.6,8955.3,727352,6496762466.45,9950.0,3985.3,69955,INE918I01018,2021-01-29,2021-01-28T18:30:00.000Z,2023-01-30T11:30:43.538Z,2023-01-30T11:30:43.538Z,0,,8932.07,29-Jan-2021,
778,63d7a861c49cb60007c45df9,BAJAJFINSV,EQ,N,9838.9,8638.0,8750.0,9721.8,9740.0,8722.75,1565365,14552862242.0,9840.95,3985.3,144130,INE918I01018,2021-02-01,2021-01-31T18:30:00.000Z,2023-01-30T11:22:09.529Z,2023-01-30T11:22:09.529Z,0,,9296.79,01-Feb-2021,
779,63d7a870efeae70008bb3e6f,BAJAJFINSV,EQ,N,9990.0,9315.0,9827.7,9476.3,9505.0,9721.8,1394390,13405505925.0,9990.0,3985.3,135676,INE918I01018,2021-02-02,2021-02-01T18:30:00.000Z,2023-01-30T11:22:24.788Z,2023-01-30T11:22:24.788Z,0,,9613.89,02-Feb-2021,
780,63d7a87fec06e30007fbf5b0,BAJAJFINSV,EQ,N,9639.3,9435.35,9561.6,9536.05,9555.0,9476.3,623545,5931271603.9,9990.0,3985.3,55559,INE918I01018,2021-02-03,2021-02-02T18:30:00.000Z,2023-01-30T11:22:39.920Z,2023-01-30T11:22:39.920Z,0,,9512.18,03-Feb-2021,
781,63d7a88fec06e30007fbfeae,BAJAJFINSV,EQ,N,9760.0,9470.5,9510.0,9700.55,9708.0,9536.05,604727,5831395657.95,9990.0,3985.3,71531,INE918I01018,2021-02-04,2021-02-03T18:30:00.000Z,2023-01-30T11:22:55.395Z,2023-01-30T11:22:55.395Z,0,,9643.02,04-Feb-2021,
782,63d7a89d3aa4bc0006fd0206,BAJAJFINSV,EQ,N,9940.0,9556.0,9780.0,9722.2,9705.0,9700.55,922561,8984790613.45,9990.0,3985.3,82958,INE918I01018,2021-02-05,2021-02-04T18:30:00.000Z,2023-01-30T11:23:09.952Z,2023-01-30T11:23:09.952Z,0,,9738.97,05-Feb-2021,
783,63d7a8ad284b4900075aa737,BAJAJFINSV,EQ,N,10110.0,9738.05,9750.0,10021.05,10068.45,9722.2,985855,9830522550.05,10110.0,3985.3,109921,INE918I01018,2021-02-08,2021-02-07T18:30:00.000Z,2023-01-30T11:23:25.182Z,2023-01-30T11:23:25.182Z,0,,9971.57,08-Feb-2021,
784,63d7a8bcec06e30007fc07af,BAJAJFINSV,EQ,N,10068.0,9882.0,10067.0,9941.65,9918.0,10021.05,512607,5107652284.25,10110.0,3985.3,61486,INE918I01018,2021-02-09,2021-02-08T18:30:00.000Z,2023-01-30T11:23:40.237Z,2023-01-30T11:23:40.237Z,0,,9964.07,09-Feb-2021,
785,63d7a8cbec6af300077ba70a,BAJAJFINSV,EQ,N,10354.6,9901.0,9901.0,10227.95,10215.15,9941.65,1430667,14600961005.6,10354.6,3985.3,145592,INE918I01018,2021-02-10,2021-02-09T18:30:00.000Z,2023-01-30T11:23:55.407Z,2023-01-30T11:23:55.407Z,0,,10205.7,10-Feb-2021,
786,63d7a8da595bb20007082d58,BAJAJFINSV,EQ,N,10417.9,10105.0,10105.0,10216.65,10220.05,10227.95,715538,7352428354.25,10417.9,3985.3,58617,INE918I01018,2021-02-11,2021-02-10T18:30:00.000Z,2023-01-30T11:24:10.817Z,2023-01-30T11:24:10.817Z,0,,10275.38,11-Feb-2021,
787,63d7a8e9284b4900075ab039,BAJAJFINSV,EQ,N,10331.15,10168.0,10250.0,10278.8,10300.0,10216.65,380285,3892947648.4,10417.9,3985.3,38095,INE918I01018,2021-02-12,2021-02-11T18:30:00.000Z,2023-01-30T11:24:25.940Z,2023-01-30T11:24:25.940Z,0,,10236.92,12-Feb-2021,
788,63d7a8f891e6ce00070ad136,BAJAJFINSV,EQ,N,10579.0,10280.0,10330.2,10537.7,10500.0,10278.8,536406,5625157441.1,10579.0,3985.3,50301,INE918I01018,2021-02-15,2021-02-14T18:30:00.000Z,2023-01-30T11:24:40.786Z,2023-01-30T11:24:40.786Z,0,,10486.75,15-Feb-2021,
789,63d7a9073aa4bc0006fd0aec,BAJAJFINSV,EQ,N,10532.0,10361.0,10500.0,10460.6,10460.0,10537.7,358604,3745569816.7,10579.0,3985.3,34451,INE918I01018,2021-02-16,2021-02-15T18:30:00.000Z,2023-01-30T11:24:55.848Z,2023-01-30T11:24:55.848Z,0,,10444.86,16-Feb-2021,
790,63d7a91734f4430007b5fdcb,BAJAJFINSV,EQ,N,10498.8,10112.2,10420.0,10185.65,10195.0,10460.6,582259,5974324936.55,10579.0,3985.3,57424,INE918I01018,2021-02-17,2021-02-16T18:30:00.000Z,2023-01-30T11:25:11.349Z,2023-01-30T11:25:11.349Z,0,,10260.6,17-Feb-2021,
791,63d7a9263aa4bc0006fd1436,BAJAJFINSV,EQ,N,10310.0,10135.0,10310.0,10198.95,10200.0,10185.65,434741,4432545757.0,10579.0,3985.3,48601,INE918I01018,2021-02-18,2021-02-17T18:30:00.000Z,2023-01-30T11:25:26.177Z,2023-01-30T11:25:26.177Z,0,,10195.83,18-Feb-2021,
792,63d7a935ec6af300077baf68,BAJAJFINSV,EQ,N,10427.65,10140.0,10150.0,10250.45,10237.95,10198.95,623343,6387922119.35,10579.0,3985.3,52771,INE918I01018,2021-02-19,2021-02-18T18:30:00.000Z,2023-01-30T11:25:41.082Z,2023-01-30T11:25:41.082Z,0,,10247.84,19-Feb-2021,
793,63d7a944664d7a0006781399,BAJAJFINSV,EQ,N,10249.2,9960.15,10230.0,10000.6,9984.8,10250.45,426908,4313831132.05,10579.0,3985.3,44332,INE918I01018,2021-02-22,2021-02-21T18:30:00.000Z,2023-01-30T11:25:56.319Z,2023-01-30T11:25:56.319Z,0,,10104.83,22-Feb-2021,
794,63d7a953ac8548000761c2d6,BAJAJFINSV,EQ,N,10195.0,9929.15,10051.0,10008.65,10008.6,10000.6,342610,3445718106.0,10579.0,3985.3,44432,INE918I01018,2021-02-23,2021-02-22T18:30:00.000Z,2023-01-30T11:26:11.731Z,2023-01-30T11:26:11.731Z,0,,10057.26,23-Feb-2021,
795,63d7a962c49cb60007c46623,BAJAJFINSV,EQ,N,10250.0,10015.05,10030.0,10199.6,10201.0,10008.65,269976,2733362366.65,10579.0,3985.3,32454,INE918I01018,2021-02-24,2021-02-23T18:30:00.000Z,2023-01-30T11:26:26.616Z,2023-01-30T11:26:26.616Z,0,,10124.46,24-Feb-2021,
796,60c1fe9ff9fddb000867a33c,BAJAJFINSV,EQ,N,9129.0,8955.6,9064.0,9051.95,9030.0,9052.45,707405,6393287076.85,9950.0,3985.3,69830,INE918I01018,2020-12-07,2020-12-06T18:30:00.000Z,2021-06-10T11:59:27.498Z,2021-06-10T11:59:27.498Z,0,,9037.66,07-Dec-2020,
797,60c1feb457283a0008f160e0,BAJAJFINSV,EQ,N,9080.0,8901.0,9056.0,8969.4,8965.0,9051.95,583147,5241171097.45,9950.0,3985.3,53776,INE918I01018,2020-12-08,2020-12-07T18:30:00.000Z,2021-06-10T11:59:48.983Z,2021-06-10T11:59:48.983Z,0,,8987.74,08-Dec-2020,
798,60c1feca7ad7b200082364e7,BAJAJFINSV,EQ,N,9075.0,8951.0,9013.8,9010.65,9016.0,8969.4,451818,4070828924.25,9950.0,3985.3,42642,INE918I01018,2020-12-09,2020-12-08T18:30:00.000Z,2021-06-10T12:00:10.123Z,2021-06-10T12:00:10.123Z,0,,9009.89,09-Dec-2020,
799,60c1fedf7ad7b20008236e1b,BAJAJFINSV,EQ,N,9074.0,8939.0,9010.65,9028.85,9033.7,9010.65,466726,4205275996.05,9950.0,3985.3,36919,INE918I01018,2020-12-10,2020-12-09T18:30:00.000Z,2021-06-10T12:00:31.181Z,2021-06-10T12:00:31.181Z,0,,9010.16,10-Dec-2020,
800,60c1fef36804760008d0a235,BAJAJFINSV,EQ,N,9139.0,8951.0,9067.0,8995.05,8989.05,9028.85,551456,4991697453.45,9950.0,3985.3,45297,INE918I01018,2020-12-11,2020-12-10T18:30:00.000Z,2021-06-10T12:00:51.782Z,2021-06-10T12:00:51.782Z,0,,9051.85,11-Dec-2020,
801,60c1ff08f9fddb000867ac68,BAJAJFINSV,EQ,N,9066.8,8895.15,9066.8,8933.5,8914.9,8995.05,444884,3991424674.95,9950.0,3985.3,48185,INE918I01018,2020-12-14,2020-12-13T18:30:00.000Z,2021-06-10T12:01:12.318Z,2021-06-10T12:01:12.318Z,0,,8971.83,14-Dec-2020,
802,60c1ff1d57283a0008f16a2a,BAJAJFINSV,EQ,N,9338.9,8870.0,8925.0,9296.95,9307.0,8933.5,1124527,10279627140.85,9950.0,3985.3,90858,INE918I01018,2020-12-15,2020-12-14T18:30:00.000Z,2021-06-10T12:01:33.423Z,2021-06-10T12:01:33.423Z,0,,9141.29,15-Dec-2020,
803,60c1ff317ad7b20008237762,BAJAJFINSV,EQ,N,9450.0,9212.0,9369.6,9257.7,9250.0,9296.95,761170,7099191525.65,9950.0,3985.3,59184,INE918I01018,2020-12-16,2020-12-15T18:30:00.000Z,2021-06-10T12:01:53.881Z,2021-06-10T12:01:53.881Z,0,,9326.68,16-Dec-2020,
804,60c1ff466804760008d0ab35,BAJAJFINSV,EQ,N,9399.9,9208.0,9257.7,9294.1,9281.0,9257.7,550738,5126425024.35,9950.0,3985.3,50357,INE918I01018,2020-12-17,2020-12-16T18:30:00.000Z,2021-06-10T12:02:14.288Z,2021-06-10T12:02:14.288Z,0,,9308.28,17-Dec-2020,
805,60c1ff5b6804760008d0b46d,BAJAJFINSV,EQ,N,9315.0,9125.0,9249.9,9215.6,9216.8,9294.1,480333,4428024522.15,9950.0,3985.3,47619,INE918I01018,2020-12-18,2020-12-17T18:30:00.000Z,2021-06-10T12:02:35.715Z,2021-06-10T12:02:35.715Z,0,,9218.66,18-Dec-2020,
806,60c1ff70f9fddb000867b583,BAJAJFINSV,EQ,N,9245.0,8569.65,9189.0,8846.75,8795.0,9215.6,713285,6424221745.1,9950.0,3985.3,68185,INE918I01018,2020-12-21,2020-12-20T18:30:00.000Z,2021-06-10T12:02:56.523Z,2021-06-10T12:02:56.523Z,0,,9006.53,21-Dec-2020,
807,60c1ff8557283a0008f1733c,BAJAJFINSV,EQ,N,8963.8,8621.2,8850.0,8938.85,8920.0,8846.75,783296,6893652466.6,9950.0,3985.3,78365,INE918I01018,2020-12-22,2020-12-21T18:30:00.000Z,2021-06-10T12:03:17.047Z,2021-06-10T12:03:17.047Z,0,,8800.83,22-Dec-2020,
808,60c1ff9a7ad7b2000823807b,BAJAJFINSV,EQ,N,9140.0,8880.0,8900.0,9013.25,9006.1,8938.85,575454,5195901412.15,9950.0,3985.3,51139,INE918I01018,2020-12-23,2020-12-22T18:30:00.000Z,2021-06-10T12:03:38.490Z,2021-06-10T12:03:38.490Z,0,,9029.22,23-Dec-2020,
809,60c1ffaff9fddb000867bec3,BAJAJFINSV,EQ,N,9123.95,8964.1,9083.6,8992.55,8985.4,9013.25,498397,4499530937.6,9950.0,3985.3,46597,INE918I01018,2020-12-24,2020-12-23T18:30:00.000Z,2021-06-10T12:03:59.911Z,2021-06-10T12:03:59.911Z,0,,9028.01,24-Dec-2020,
810,60c1ffc557283a0008f17c72,BAJAJFINSV,EQ,N,9115.0,8965.0,9064.65,8995.05,8986.7,8992.55,344994,3117250457.9,9950.0,3985.3,36833,INE918I01018,2020-12-28,2020-12-27T18:30:00.000Z,2021-06-10T12:04:21.030Z,2021-06-10T12:04:21.030Z,0,,9035.67,28-Dec-2020,
811,60c1ffd97ad7b20008238984,BAJAJFINSV,EQ,N,9056.1,8897.45,9040.1,8976.05,8980.0,8995.05,406601,3650551162.6,9950.0,3985.3,38836,INE918I01018,2020-12-29,2020-12-28T18:30:00.000Z,2021-06-10T12:04:41.197Z,2021-06-10T12:04:41.197Z,0,,8978.21,29-Dec-2020,
812,60c1ffee6804760008d0bda6,BAJAJFINSV,EQ,N,9020.95,8921.0,9000.0,8961.7,8954.0,8976.05,491074,4405647097.65,9950.0,3985.3,42488,INE918I01018,2020-12-30,2020-12-29T18:30:00.000Z,2021-06-10T12:05:02.690Z,2021-06-10T12:05:02.690Z,0,,8971.45,30-Dec-2020,
813,60c200026804760008d0c6b3,BAJAJFINSV,EQ,N,9030.0,8840.0,8949.0,8906.35,8885.4,8961.7,476050,4251420019.05,9950.0,3985.3,39943,INE918I01018,2020-12-31,2020-12-30T18:30:00.000Z,2021-06-10T12:05:22.784Z,2021-06-10T12:05:22.784Z,0,,8930.62,31-Dec-2020,
814,60c20017f9fddb000867c7df,BAJAJFINSV,EQ,N,8958.7,8840.0,8930.0,8870.45,8870.2,8906.35,288101,2564215465.2,9950.0,3985.3,23360,INE918I01018,2021-01-01,2020-12-31T18:30:00.000Z,2021-06-10T12:05:43.697Z,2021-06-10T12:05:43.697Z,0,,8900.4,01-Jan-2021,
815,60c2002cf9fddb000867d113,BAJAJFINSV,EQ,N,9065.0,8841.75,8940.0,8898.75,8915.0,8870.45,613306,5475591985.6,9950.0,3985.3,49888,INE918I01018,2021-01-04,2021-01-03T18:30:00.000Z,2021-06-10T12:06:04.937Z,2021-06-10T12:06:04.937Z,0,,8927.99,04-Jan-2021,
816,60c2004157283a0008f1859a,BAJAJFINSV,EQ,N,8920.0,8736.95,8900.05,8820.85,8833.5,8898.75,486214,4286764893.9,9950.0,3985.3,50203,INE918I01018,2021-01-05,2021-01-04T18:30:00.000Z,2021-06-10T12:06:25.528Z,2021-06-10T12:06:25.528Z,0,,8816.62,05-Jan-2021,
817,60c2005657283a0008f18f49,BAJAJFINSV,EQ,N,8900.0,8636.0,8900.0,8786.35,8774.95,8820.85,599193,5242437179.5,9950.0,3985.3,60429,INE918I01018,2021-01-06,2021-01-05T18:30:00.000Z,2021-06-10T12:06:46.021Z,2021-06-10T12:06:46.021Z,0,,8749.16,06-Jan-2021,
818,60c2006b7ad7b200082392a4,BAJAJFINSV,EQ,N,9069.0,8812.0,8820.0,8988.0,8970.05,8786.35,601648,5389563901.65,9950.0,3985.3,54053,INE918I01018,2021-01-07,2021-01-06T18:30:00.000Z,2021-06-10T12:07:07.284Z,2021-06-10T12:07:07.284Z,0,,8958.0,07-Jan-2021,
819,63d7a99091e6ce00070ae54b,BAJAJFINSV,EQ,N,9265.0,8948.0,9036.0,9171.6,9166.0,8988.0,824261,7538600104.7,9950.0,3985.3,68802,INE918I01018,2021-01-08,2021-01-07T18:30:00.000Z,2023-01-30T11:27:12.218Z,2023-01-30T11:27:12.218Z,0,,9145.89,08-Jan-2021,
820,63d7a99fefeae70008bb47c4,BAJAJFINSV,EQ,N,9262.0,8955.0,9201.0,8986.1,9004.0,9171.6,542444,4919041222.0,9950.0,3985.3,48441,INE918I01018,2021-01-11,2021-01-10T18:30:00.000Z,2023-01-30T11:27:27.392Z,2023-01-30T11:27:27.392Z,0,,9068.29,11-Jan-2021,
821,63d7a9aed0920400073c50a9,BAJAJFINSV,EQ,N,9069.9,8922.5,9004.0,8959.0,8950.0,8986.1,577045,5186636464.6,9950.0,3985.3,46888,INE918I01018,2021-01-12,2021-01-11T18:30:00.000Z,2023-01-30T11:27:42.502Z,2023-01-30T11:27:42.502Z,0,,8988.27,12-Jan-2021,
822,63d7a9bd91e6ce00070aee6b,BAJAJFINSV,EQ,N,9030.0,8710.15,9004.8,8793.65,8784.65,8959.0,514078,4552726742.25,9950.0,3985.3,47300,INE918I01018,2021-01-13,2021-01-12T18:30:00.000Z,2023-01-30T11:27:57.704Z,2023-01-30T11:27:57.704Z,0,,8856.1,13-Jan-2021,
823,63d7a9cc1947950006e082ec,BAJAJFINSV,EQ,N,8929.95,8675.0,8814.0,8747.35,8761.0,8793.65,568437,4990445529.15,9950.0,3985.3,61345,INE918I01018,2021-01-14,2021-01-13T18:30:00.000Z,2023-01-30T11:28:12.778Z,2023-01-30T11:28:12.778Z,0,,8779.24,14-Jan-2021,
824,63d7a9dbefeae70008bb510a,BAJAJFINSV,EQ,N,8826.2,8610.0,8754.8,8636.1,8630.0,8747.35,519651,4522914238.9,9950.0,3985.3,52056,INE918I01018,2021-01-15,2021-01-14T18:30:00.000Z,2023-01-30T11:28:27.696Z,2023-01-30T11:28:27.696Z,0,,8703.75,15-Jan-2021,
825,60c1fc557ad7b20008233869,BAJAJFINSV,EQ,N,5806.5,5632.0,5700.0,5667.25,5650.05,5700.95,1550762,8831327889.45,9950.0,3985.3,109116,INE918I01018,2020-10-27,2020-10-26T18:30:00.000Z,2021-06-10T11:49:41.870Z,2021-06-10T11:49:41.870Z,0,,5694.83,27-Oct-2020,
826,60c1fc6bf9fddb00086764ce,BAJAJFINSV,EQ,N,5743.0,5605.0,5678.0,5642.35,5670.2,5667.25,658790,3740818809.4,9950.0,3985.3,61483,INE918I01018,2020-10-28,2020-10-27T18:30:00.000Z,2021-06-10T11:50:03.218Z,2021-06-10T11:50:03.218Z,0,,5678.32,28-Oct-2020,
827,60c1fc7f57283a0008f1210c,BAJAJFINSV,EQ,N,5688.0,5607.2,5640.0,5623.95,5615.0,5642.35,980842,5536398883.7,9950.0,3985.3,55923,INE918I01018,2020-10-29,2020-10-28T18:30:00.000Z,2021-06-10T11:50:23.722Z,2021-06-10T11:50:23.722Z,0,,5644.54,29-Oct-2020,
828,60c1fc937ad7b200082340a7,BAJAJFINSV,EQ,N,5680.0,5511.05,5650.0,5573.5,5550.0,5623.95,526350,2938061234.9,9950.0,3985.3,48496,INE918I01018,2020-10-30,2020-10-29T18:30:00.000Z,2021-06-10T11:50:43.950Z,2021-06-10T11:50:43.950Z,0,,5581.95,30-Oct-2020,
829,60c1fca96804760008d0517e,BAJAJFINSV,EQ,N,5725.0,5560.0,5601.4,5701.45,5695.0,5573.5,491399,2777509419.2,9950.0,3985.3,49144,INE918I01018,2020-11-02,2020-11-01T18:30:00.000Z,2021-06-10T11:51:05.463Z,2021-06-10T11:51:05.463Z,0,,5652.25,02-Nov-2020,
830,60c1fcbd6804760008d05a25,BAJAJFINSV,EQ,N,5810.0,5696.7,5752.0,5743.6,5743.0,5701.45,575536,3310847137.6,9950.0,3985.3,49113,INE918I01018,2020-11-03,2020-11-02T18:30:00.000Z,2021-06-10T11:51:25.880Z,2021-06-10T11:51:25.880Z,0,,5752.63,03-Nov-2020,
831,60c1fcd26804760008d0633c,BAJAJFINSV,EQ,N,5839.0,5715.95,5743.6,5811.85,5797.5,5743.6,590961,3418187383.55,9950.0,3985.3,50493,INE918I01018,2020-11-04,2020-11-03T18:30:00.000Z,2021-06-10T11:51:46.695Z,2021-06-10T11:51:46.695Z,0,,5784.12,04-Nov-2020,
832,60c1fce857283a0008f129f9,BAJAJFINSV,EQ,N,6080.6,5845.25,5855.0,6055.15,6057.3,5811.85,848673,5076074620.55,9950.0,3985.3,88905,INE918I01018,2020-11-05,2020-11-04T18:30:00.000Z,2021-06-10T11:52:08.162Z,2021-06-10T11:52:08.162Z,0,,5981.19,05-Nov-2020,
833,60c1fcfdf9fddb0008676d70,BAJAJFINSV,EQ,N,6350.0,6025.0,6025.0,6286.45,6266.0,6055.15,1559339,9731483623.4,9950.0,3985.3,132225,INE918I01018,2020-11-06,2020-11-05T18:30:00.000Z,2021-06-10T11:52:29.253Z,2021-06-10T11:52:29.253Z,0,,6240.77,06-Nov-2020,
834,60c1fd127ad7b2000823493d,BAJAJFINSV,EQ,N,6439.0,6257.5,6350.0,6283.35,6280.6,6286.45,968156,6131621295.5,9950.0,3985.3,78543,INE918I01018,2020-11-09,2020-11-08T18:30:00.000Z,2021-06-10T11:52:50.519Z,2021-06-10T11:52:50.519Z,0,,6333.3,09-Nov-2020,
835,60c1fd276804760008d06c8c,BAJAJFINSV,EQ,N,6733.75,6311.05,6450.0,6687.65,6658.0,6283.35,2170438,14284193504.55,9950.0,3985.3,172705,INE918I01018,2020-11-10,2020-11-09T18:30:00.000Z,2021-06-10T11:53:11.057Z,2021-06-10T11:53:11.057Z,0,,6581.25,10-Nov-2020,
836,60c1fd3c57283a0008f132b8,BAJAJFINSV,EQ,N,6977.75,6586.15,6690.0,6944.8,6949.0,6687.65,2542469,17313074540.4,9950.0,3985.3,211333,INE918I01018,2020-11-11,2020-11-10T18:30:00.000Z,2021-06-10T11:53:32.499Z,2021-06-10T11:53:32.499Z,0,,6809.55,11-Nov-2020,
837,60c1fd507ad7b20008235216,BAJAJFINSV,EQ,N,7060.0,6850.65,6943.95,7026.2,7018.0,6944.8,1280916,8932316727.65,9950.0,3985.3,90499,INE918I01018,2020-11-12,2020-11-11T18:30:00.000Z,2021-06-10T11:53:52.825Z,2021-06-10T11:53:52.825Z,0,,6973.38,12-Nov-2020,
838,60c1fd65f9fddb0008677631,BAJAJFINSV,EQ,N,7300.0,6935.9,6940.0,7261.1,7299.0,7026.2,1654574,11865251483.05,9950.0,3985.3,120155,INE918I01018,2020-11-13,2020-11-12T18:30:00.000Z,2021-06-10T11:54:13.519Z,2021-06-10T11:54:13.519Z,0,,7171.18,13-Nov-2020,
839,60c1fd796804760008d0749f,BAJAJFINSV,EQ,N,7444.0,7250.0,7350.0,7335.55,7282.0,7261.1,316485,2331474608.7,9950.0,3985.3,25733,INE918I01018,2020-11-14,2020-11-13T18:30:00.000Z,2021-06-10T11:54:33.976Z,2021-06-10T11:54:33.976Z,0,,7366.78,14-Nov-2020,
840,60c1fd8ff9fddb0008677f2a,BAJAJFINSV,EQ,N,7407.6,7251.0,7361.0,7365.35,7379.0,7335.55,1172544,8611988716.4,9950.0,3985.3,91233,INE918I01018,2020-11-17,2020-11-16T18:30:00.000Z,2021-06-10T11:54:55.256Z,2021-06-10T11:54:55.256Z,0,,7344.7,17-Nov-2020,
841,60c1fda357283a0008f13b84,BAJAJFINSV,EQ,N,7845.0,7320.4,7372.0,7789.95,7841.0,7365.35,1475637,11205130779.85,9950.0,3985.3,111284,INE918I01018,2020-11-18,2020-11-17T18:30:00.000Z,2021-06-10T11:55:15.638Z,2021-06-10T11:55:15.638Z,0,,7593.42,18-Nov-2020,
842,60c1fdb957283a0008f1451a,BAJAJFINSV,EQ,N,8199.9,7750.0,7789.95,7823.4,7803.0,7789.95,3387040,27112441557.6,9950.0,3985.3,260576,INE918I01018,2020-11-19,2020-11-18T18:30:00.000Z,2021-06-10T11:55:37.314Z,2021-06-10T11:55:37.314Z,0,,8004.76,19-Nov-2020,
843,60c1fdcd6804760008d07ccd,BAJAJFINSV,EQ,N,8588.65,7843.0,7843.0,8542.6,8548.8,7823.4,4110412,33943794911.9,9950.0,3985.3,312959,INE918I01018,2020-11-20,2020-11-19T18:30:00.000Z,2021-06-10T11:55:58.015Z,2021-06-10T11:55:58.015Z,0,,8258.0,20-Nov-2020,
844,60c1fde3f9fddb0008678817,BAJAJFINSV,EQ,N,8982.65,8621.0,8710.0,8774.35,8700.1,8542.6,3607587,31704707444.45,9950.0,3985.3,309075,INE918I01018,2020-11-23,2020-11-22T18:30:00.000Z,2021-06-10T11:56:19.506Z,2021-06-10T11:56:19.506Z,0,,8788.34,23-Nov-2020,
845,60c1fdf857283a0008f14e61,BAJAJFINSV,EQ,N,8908.0,8695.1,8819.9,8859.7,8869.0,8774.35,1789862,15773758745.15,9950.0,3985.3,149499,INE918I01018,2020-11-24,2020-11-23T18:30:00.000Z,2021-06-10T11:56:40.460Z,2021-06-10T11:56:40.460Z,0,,8812.84,24-Nov-2020,
846,60c1fe0df9fddb0008679139,BAJAJFINSV,EQ,N,9009.0,8642.75,8940.0,8717.75,8690.0,8859.7,1986153,17627466120.1,9950.0,3985.3,140354,INE918I01018,2020-11-25,2020-11-24T18:30:00.000Z,2021-06-10T11:57:01.838Z,2021-06-10T11:57:01.838Z,0,,8875.18,25-Nov-2020,
847,60c1fe226804760008d085e1,BAJAJFINSV,EQ,N,8842.0,8671.0,8740.0,8806.7,8831.0,8717.75,1262234,11045371931.3,9950.0,3985.3,117742,INE918I01018,2020-11-26,2020-11-25T18:30:00.000Z,2021-06-10T11:57:22.238Z,2021-06-10T11:57:22.238Z,0,,8750.65,26-Nov-2020,
848,60c1fe36f9fddb0008679a19,BAJAJFINSV,EQ,N,8934.45,8680.0,8844.95,8758.8,8712.0,8806.7,1419350,12524842310.15,9950.0,3985.3,90546,INE918I01018,2020-11-27,2020-11-26T18:30:00.000Z,2021-06-10T11:57:42.716Z,2021-06-10T11:57:42.716Z,0,,8824.35,27-Nov-2020,
849,60c1fe4b57283a0008f15799,BAJAJFINSV,EQ,N,8828.85,8712.65,8800.0,8746.55,8728.0,8758.8,694283,6085873372.05,9950.0,3985.3,56244,INE918I01018,2020-12-01,2020-11-30T18:30:00.000Z,2021-06-10T11:58:03.769Z,2021-06-10T11:58:03.769Z,0,,8765.7,01-Dec-2020,
850,60c1fe607ad7b20008235b41,BAJAJFINSV,EQ,N,8879.5,8661.65,8750.0,8802.2,8788.5,8746.55,884969,7758481201.0,9950.0,3985.3,74456,INE918I01018,2020-12-02,2020-12-01T18:30:00.000Z,2021-06-10T11:58:24.414Z,2021-06-10T11:58:24.414Z,0,,8766.95,02-Dec-2020,
851,60c1fe756804760008d08f89,BAJAJFINSV,EQ,N,9191.2,8811.1,8831.0,9114.05,9139.0,8802.2,1437048,12948559450.0,9950.0,3985.3,106935,INE918I01018,2020-12-03,2020-12-02T18:30:00.000Z,2021-06-10T11:58:45.159Z,2021-06-10T11:58:45.159Z,0,,9010.53,03-Dec-2020,
852,60c1fe8a6804760008d098f1,BAJAJFINSV,EQ,N,9234.5,8970.0,9159.0,9052.45,9052.0,9114.05,1062443,9678364709.0,9950.0,3985.3,78634,INE918I01018,2020-12-04,2020-12-03T18:30:00.000Z,2021-06-10T11:59:06.139Z,2021-06-10T11:59:06.139Z,0,,9109.54,04-Dec-2020,
853,60c1fa2057283a0008f0e3d2,BAJAJFINSV,EQ,N,6123.65,5990.1,6118.9,6007.0,6010.75,6145.95,519253,3135471805.15,9950.0,3985.3,47452,INE918I01018,2020-09-17,2020-09-16T18:30:00.000Z,2021-06-10T11:40:16.917Z,2021-06-10T11:40:16.917Z,0,,6038.43,17-Sep-2020,
854,60c1fa367ad7b2000822fabc,BAJAJFINSV,EQ,N,6060.0,5862.45,6040.05,5888.45,5896.0,6007.0,856383,5078137714.6,9950.0,3985.3,83061,INE918I01018,2020-09-18,2020-09-17T18:30:00.000Z,2021-06-10T11:40:38.057Z,2021-06-10T11:40:38.057Z,0,,5929.75,18-Sep-2020,
855,60c1fa4b6804760008d01d33,BAJAJFINSV,EQ,N,5909.9,5631.0,5896.0,5712.25,5690.0,5888.45,492137,2844204523.7,9950.0,3985.3,50310,INE918I01018,2020-09-21,2020-09-20T18:30:00.000Z,2021-06-10T11:40:59.213Z,2021-06-10T11:40:59.213Z,0,,5779.29,21-Sep-2020,
856,60c1fa60f9fddb00086727d0,BAJAJFINSV,EQ,N,5756.0,5545.0,5712.25,5682.3,5670.0,5712.25,645230,3651218566.5,9950.0,3985.3,54546,INE918I01018,2020-09-22,2020-09-21T18:30:00.000Z,2021-06-10T11:41:20.587Z,2021-06-10T11:41:20.587Z,0,,5658.79,22-Sep-2020,
857,60c1fa7457283a0008f0ec99,BAJAJFINSV,EQ,N,5757.0,5555.0,5715.0,5646.65,5640.0,5682.3,460124,2600404568.8,9950.0,3985.3,43886,INE918I01018,2020-09-23,2020-09-22T18:30:00.000Z,2021-06-10T11:41:40.987Z,2021-06-10T11:41:40.987Z,0,,5651.53,23-Sep-2020,
858,60c1fa8a7ad7b2000823033c,BAJAJFINSV,EQ,N,5600.0,5400.0,5580.0,5425.7,5415.0,5646.65,498778,2743794266.25,9950.0,3985.3,47088,INE918I01018,2020-09-24,2020-09-23T18:30:00.000Z,2021-06-10T11:42:02.088Z,2021-06-10T11:42:02.088Z,0,,5501.03,24-Sep-2020,
859,60c1fa9e57283a0008f0f536,BAJAJFINSV,EQ,N,5906.15,5430.15,5500.0,5803.3,5783.6,5425.7,978396,5561123903.95,9950.0,3985.3,80709,INE918I01018,2020-09-25,2020-09-24T18:30:00.000Z,2021-06-10T11:42:22.572Z,2021-06-10T11:42:22.572Z,0,,5683.92,25-Sep-2020,
860,60c1fab3f9fddb0008673086,BAJAJFINSV,EQ,N,6040.0,5820.0,5861.65,5985.95,5991.3,5803.3,672201,4011430507.75,9950.0,3985.3,56567,INE918I01018,2020-09-28,2020-09-27T18:30:00.000Z,2021-06-10T11:42:43.273Z,2021-06-10T11:42:43.273Z,0,,5967.61,28-Sep-2020,
861,60c1fac87ad7b20008230bfc,BAJAJFINSV,EQ,N,6049.5,5832.55,6031.75,5876.7,5848.0,5985.95,634635,3752238198.6,9950.0,3985.3,54646,INE918I01018,2020-09-29,2020-09-28T18:30:00.000Z,2021-06-10T11:43:04.482Z,2021-06-10T11:43:04.482Z,0,,5912.44,29-Sep-2020,
862,60c1faddf9fddb0008673984,BAJAJFINSV,EQ,N,5929.0,5820.0,5885.0,5852.35,5851.0,5876.7,375600,2203421021.5,9950.0,3985.3,34577,INE918I01018,2020-09-30,2020-09-29T18:30:00.000Z,2021-06-10T11:43:25.318Z,2021-06-10T11:43:25.318Z,0,,5866.4,30-Sep-2020,
863,60c1faf1f9fddb000867422e,BAJAJFINSV,EQ,N,6104.8,5895.05,5907.0,6053.6,6050.0,5852.35,680757,4109327532.85,9950.0,3985.3,63319,INE918I01018,2020-10-01,2020-09-30T18:30:00.000Z,2021-06-10T11:43:45.412Z,2021-06-10T11:43:45.412Z,0,,6036.41,01-Oct-2020,
864,60c1fb0657283a0008f0fdcc,BAJAJFINSV,EQ,N,6169.5,5857.8,6090.0,5881.15,5885.0,6053.6,737911,4418793539.9,9950.0,3985.3,67910,INE918I01018,2020-10-05,2020-10-04T18:30:00.000Z,2021-06-10T11:44:06.985Z,2021-06-10T11:44:06.985Z,0,,5988.25,05-Oct-2020,
865,60c1fb1b57283a0008f106ad,BAJAJFINSV,EQ,N,6018.0,5890.0,5957.0,5995.4,5993.0,5881.15,606115,3610044178.8,9950.0,3985.3,51228,INE918I01018,2020-10-06,2020-10-05T18:30:00.000Z,2021-06-10T11:44:28.001Z,2021-06-10T11:44:28.001Z,0,,5956.04,06-Oct-2020,
866,60c1fb317ad7b20008231525,BAJAJFINSV,EQ,N,5938.0,5820.0,5920.0,5905.25,5915.0,5995.4,581228,3422420930.2,9950.0,3985.3,57659,INE918I01018,2020-10-07,2020-10-06T18:30:00.000Z,2021-06-10T11:44:49.433Z,2021-06-10T11:44:49.433Z,0,,5888.26,07-Oct-2020,
867,60c1fb467ad7b20008231e24,BAJAJFINSV,EQ,N,6033.2,5852.25,5950.0,5871.95,5873.05,5905.25,588982,3493538749.35,9950.0,3985.3,51229,INE918I01018,2020-10-08,2020-10-07T18:30:00.000Z,2021-06-10T11:45:10.089Z,2021-06-10T11:45:10.089Z,0,,5931.49,08-Oct-2020,
868,60c1fb5b6804760008d025f4,BAJAJFINSV,EQ,N,6014.0,5870.0,5885.0,5915.2,5920.0,5871.95,659334,3909664071.2,9950.0,3985.3,49048,INE918I01018,2020-10-09,2020-10-08T18:30:00.000Z,2021-06-10T11:45:31.276Z,2021-06-10T11:45:31.276Z,0,,5929.72,09-Oct-2020,
869,60c1fb6f6804760008d02ecf,BAJAJFINSV,EQ,N,6000.0,5891.0,5967.5,5912.75,5904.0,5915.2,401483,2381269502.8,9950.0,3985.3,33964,INE918I01018,2020-10-12,2020-10-11T18:30:00.000Z,2021-06-10T11:45:51.585Z,2021-06-10T11:45:51.585Z,0,,5931.18,12-Oct-2020,
870,60c1fb84f9fddb0008674ad0,BAJAJFINSV,EQ,N,5914.5,5825.0,5900.0,5867.65,5870.0,5912.75,365642,2146001511.5,9950.0,3985.3,29323,INE918I01018,2020-10-13,2020-10-12T18:30:00.000Z,2021-06-10T11:46:12.306Z,2021-06-10T11:46:12.306Z,0,,5869.13,13-Oct-2020,
871,60c1fb997ad7b200082326e6,BAJAJFINSV,EQ,N,6145.0,5855.05,5870.0,6100.05,6108.1,5867.65,1029536,6183271211.45,9950.0,3985.3,83530,INE918I01018,2020-10-14,2020-10-13T18:30:00.000Z,2021-06-10T11:46:33.410Z,2021-06-10T11:46:33.410Z,0,,6005.88,14-Oct-2020,
872,60c1fbad6804760008d0378a,BAJAJFINSV,EQ,N,6168.0,5880.1,6125.0,5899.05,5895.0,6100.05,781990,4709353074.2,9950.0,3985.3,72409,INE918I01018,2020-10-15,2020-10-14T18:30:00.000Z,2021-06-10T11:46:54.006Z,2021-06-10T11:46:54.006Z,0,,6022.27,15-Oct-2020,
873,60c1fbc2f9fddb000867536f,BAJAJFINSV,EQ,N,5980.0,5866.0,5939.7,5952.3,5959.0,5899.05,476247,2826565379.55,9950.0,3985.3,43286,INE918I01018,2020-10-16,2020-10-15T18:30:00.000Z,2021-06-10T11:47:14.563Z,2021-06-10T11:47:14.563Z,0,,5935.08,16-Oct-2020,
874,60c1fbd76804760008d0403d,BAJAJFINSV,EQ,N,6037.95,5925.1,6000.0,5981.1,5980.0,5952.3,379685,2274713807.15,9950.0,3985.3,35829,INE918I01018,2020-10-19,2020-10-18T18:30:00.000Z,2021-06-10T11:47:35.777Z,2021-06-10T11:47:35.777Z,0,,5991.06,19-Oct-2020,
875,60c1fbed57283a0008f10f82,BAJAJFINSV,EQ,N,6025.0,5911.25,5972.0,5951.85,5946.0,5981.1,311122,1856462753.45,9950.0,3985.3,31809,INE918I01018,2020-10-20,2020-10-19T18:30:00.000Z,2021-06-10T11:47:57.253Z,2021-06-10T11:47:57.253Z,0,,5966.99,20-Oct-2020,
876,60c1fc027ad7b20008232f99,BAJAJFINSV,EQ,N,6010.0,5735.1,5967.5,5904.15,5909.05,5951.85,605561,3577060804.7,9950.0,3985.3,58946,INE918I01018,2020-10-21,2020-10-20T18:30:00.000Z,2021-06-10T11:48:18.491Z,2021-06-10T11:48:18.491Z,0,,5907.02,21-Oct-2020,
877,60c1fc176804760008d048e6,BAJAJFINSV,EQ,N,6080.0,5845.95,5848.0,5873.4,5865.0,5904.15,1229943,7325752754.3,9950.0,3985.3,115580,INE918I01018,2020-10-22,2020-10-21T18:30:00.000Z,2021-06-10T11:48:39.658Z,2021-06-10T11:48:39.658Z,0,,5956.17,22-Oct-2020,
878,60c1fc2df9fddb0008675c20,BAJAJFINSV,EQ,N,5962.0,5823.85,5934.85,5831.55,5833.0,5873.4,646899,3804897705.4,9950.0,3985.3,61212,INE918I01018,2020-10-23,2020-10-22T18:30:00.000Z,2021-06-10T11:49:01.108Z,2021-06-10T11:49:01.108Z,0,,5881.75,23-Oct-2020,
879,60c1fc4157283a0008f11844,BAJAJFINSV,EQ,N,5872.65,5645.0,5872.65,5700.95,5700.8,5831.55,783118,4477167478.55,9950.0,3985.3,69699,INE918I01018,2020-10-26,2020-10-25T18:30:00.000Z,2021-06-10T11:49:21.587Z,2021-06-10T11:49:21.587Z,0,,5717.1,26-Oct-2020,
880,60c1fc557ad7b20008233869,BAJAJFINSV,EQ,N,5806.5,5632.0,5700.0,5667.25,5650.05,5700.95,1550762,8831327889.45,9950.0,3985.3,109116,INE918I01018,2020-10-27,2020-10-26T18:30:00.000Z,2021-06-10T11:49:41.870Z,2021-06-10T11:49:41.870Z,0,,5694.83,27-Oct-2020,
881,60c1f7d7f9fddb000866de5e,BAJAJFINSV,EQ,N,6570.0,6367.0,6509.95,6402.8,6404.0,6467.15,605241,3915089937.95,9950.0,3985.3,62339,INE918I01018,2020-08-10,2020-08-09T18:30:00.000Z,2021-06-10T11:30:31.549Z,2021-06-10T11:30:31.549Z,0,,6468.65,10-Aug-2020,
882,60c1f7eb6804760008cfe0e2,BAJAJFINSV,EQ,N,6496.0,6391.0,6450.0,6440.35,6441.0,6402.8,430944,2776714472.65,9950.0,3985.3,39179,INE918I01018,2020-08-11,2020-08-10T18:30:00.000Z,2021-06-10T11:30:51.870Z,2021-06-10T11:30:51.870Z,0,,6443.33,11-Aug-2020,
883,60c1f80057283a0008f0ac8e,BAJAJFINSV,EQ,N,6400.0,6315.1,6400.0,6357.2,6363.7,6440.35,385422,2452051470.55,9950.0,3985.3,37262,INE918I01018,2020-08-12,2020-08-11T18:30:00.000Z,2021-06-10T11:31:12.473Z,2021-06-10T11:31:12.473Z,0,,6361.99,12-Aug-2020,
884,60c1f815f9fddb000866e77b,BAJAJFINSV,EQ,N,6432.0,6324.1,6400.0,6350.0,6355.0,6357.2,390585,2490396207.8,9950.0,3985.3,34813,INE918I01018,2020-08-13,2020-08-12T18:30:00.000Z,2021-06-10T11:31:33.522Z,2021-06-10T11:31:33.522Z,0,,6376.07,13-Aug-2020,
885,60c1f829f9fddb000866f052,BAJAJFINSV,EQ,N,6400.0,6190.0,6390.0,6246.7,6253.0,6350.0,421720,2656792602.75,9950.0,3985.3,45759,INE918I01018,2020-08-14,2020-08-13T18:30:00.000Z,2021-06-10T11:31:53.792Z,2021-06-10T11:31:53.792Z,0,,6299.9,14-Aug-2020,
886,60c1f83e57283a0008f0b5b1,BAJAJFINSV,EQ,N,6319.1,6201.0,6300.0,6269.1,6280.0,6246.7,435939,2725348148.55,9950.0,3985.3,42643,INE918I01018,2020-08-17,2020-08-16T18:30:00.000Z,2021-06-10T11:32:14.703Z,2021-06-10T11:32:14.703Z,0,,6251.67,17-Aug-2020,
887,60c1f8547ad7b2000822b940,BAJAJFINSV,EQ,N,6375.0,6242.0,6290.0,6343.05,6344.9,6269.1,457147,2888709494.4,9950.0,3985.3,38905,INE918I01018,2020-08-18,2020-08-17T18:30:00.000Z,2021-06-10T11:32:36.034Z,2021-06-10T11:32:36.034Z,0,,6318.99,18-Aug-2020,
888,60c1f8696804760008cfe9ef,BAJAJFINSV,EQ,N,6425.0,6283.0,6375.0,6299.05,6308.0,6343.05,493072,3137595651.3,9950.0,3985.3,40897,INE918I01018,2020-08-19,2020-08-18T18:30:00.000Z,2021-06-10T11:32:57.309Z,2021-06-10T11:32:57.309Z,0,,6363.36,19-Aug-2020,
889,60c1f87ff9fddb000866f963,BAJAJFINSV,EQ,N,6314.0,6231.05,6255.0,6289.45,6305.0,6299.05,314948,1976835382.15,9950.0,3985.3,27042,INE918I01018,2020-08-20,2020-08-19T18:30:00.000Z,2021-06-10T11:33:19.056Z,2021-06-10T11:33:19.056Z,0,,6276.7,20-Aug-2020,
890,60c1f8936804760008cff306,BAJAJFINSV,EQ,N,6366.0,6260.05,6346.1,6282.4,6285.0,6289.45,303240,1916602332.35,9950.0,3985.3,24581,INE918I01018,2020-08-21,2020-08-20T18:30:00.000Z,2021-06-10T11:33:40.006Z,2021-06-10T11:33:40.006Z,0,,6320.41,21-Aug-2020,
891,60c1f8a957283a0008f0bef5,BAJAJFINSV,EQ,N,6454.85,6294.2,6313.85,6400.45,6408.55,6282.4,586109,3745065336.3,9950.0,3985.3,44464,INE918I01018,2020-08-24,2020-08-23T18:30:00.000Z,2021-06-10T11:34:01.635Z,2021-06-10T11:34:01.635Z,0,,6389.71,24-Aug-2020,
892,60c1f8bd7ad7b2000822c259,BAJAJFINSV,EQ,N,6522.0,6401.0,6439.95,6502.6,6519.7,6400.45,748345,4842123266.0,9950.0,3985.3,63655,INE918I01018,2020-08-25,2020-08-24T18:30:00.000Z,2021-06-10T11:34:21.804Z,2021-06-10T11:34:21.804Z,0,,6470.44,25-Aug-2020,
893,60c1f8d2f9fddb0008670284,BAJAJFINSV,EQ,N,6700.0,6520.75,6535.0,6564.4,6550.0,6502.6,1001348,6627392556.2,9950.0,3985.3,80649,INE918I01018,2020-08-26,2020-08-25T18:30:00.000Z,2021-06-10T11:34:42.522Z,2021-06-10T11:34:42.522Z,0,,6618.47,26-Aug-2020,
894,60c1f8e77ad7b2000822cb95,BAJAJFINSV,EQ,N,6604.95,6487.5,6604.95,6530.75,6535.95,6564.4,461882,3020713004.95,9950.0,3985.3,37535,INE918I01018,2020-08-27,2020-08-26T18:30:00.000Z,2021-06-10T11:35:03.348Z,2021-06-10T11:35:03.348Z,0,,6540.01,27-Aug-2020,
895,60c1f8fb6804760008cffc25,BAJAJFINSV,EQ,N,6650.0,6515.0,6580.0,6545.55,6542.0,6530.75,490168,3219667871.45,9950.0,3985.3,39129,INE918I01018,2020-08-28,2020-08-27T18:30:00.000Z,2021-06-10T11:35:23.605Z,2021-06-10T11:35:23.605Z,0,,6568.5,28-Aug-2020,
896,60c1f9107ad7b2000822d507,BAJAJFINSV,EQ,N,6670.0,6135.0,6604.5,6190.35,6210.0,6545.55,1179922,7511551587.6,9950.0,3985.3,96649,INE918I01018,2020-08-31,2020-08-30T18:30:00.000Z,2021-06-10T11:35:44.433Z,2021-06-10T11:35:44.433Z,0,,6366.14,31-Aug-2020,
897,60c1f9256804760008d0046c,BAJAJFINSV,EQ,N,6396.75,6146.55,6250.0,6359.6,6356.05,6190.35,807355,5079319818.45,9950.0,3985.3,66529,INE918I01018,2020-09-01,2020-08-31T18:30:00.000Z,2021-06-10T11:36:05.255Z,2021-06-10T11:36:05.255Z,0,,6291.31,01-Sep-2020,
898,60c1f93bf9fddb0008670bf5,BAJAJFINSV,EQ,N,6415.0,6255.0,6367.0,6365.05,6360.3,6359.6,443995,2812032021.7,9950.0,3985.3,36238,INE918I01018,2020-09-02,2020-09-01T18:30:00.000Z,2021-06-10T11:36:27.263Z,2021-06-10T11:36:27.263Z,0,,6333.48,02-Sep-2020,
899,60c1f950f9fddb0008671607,BAJAJFINSV,EQ,N,6455.0,6300.0,6390.0,6355.55,6370.0,6365.05,394268,2516298196.15,9950.0,3985.3,36871,INE918I01018,2020-09-03,2020-09-02T18:30:00.000Z,2021-06-10T11:36:48.561Z,2021-06-10T11:36:48.561Z,0,,6382.2,03-Sep-2020,
900,60c1f96557283a0008f0c884,BAJAJFINSV,EQ,N,6422.95,6201.0,6250.0,6277.2,6301.6,6355.55,544380,3433958274.6,9950.0,3985.3,45681,INE918I01018,2020-09-04,2020-09-03T18:30:00.000Z,2021-06-10T11:37:09.969Z,2021-06-10T11:37:09.969Z,0,,6308.02,04-Sep-2020,
901,60c1f97b7ad7b2000822df0d,BAJAJFINSV,EQ,N,6349.25,6212.0,6324.0,6263.65,6263.85,6277.2,498573,3131331001.45,9950.0,3985.3,43818,INE918I01018,2020-09-07,2020-09-06T18:30:00.000Z,2021-06-10T11:37:31.673Z,2021-06-10T11:37:31.673Z,0,,6280.59,07-Sep-2020,
902,60c1f98f57283a0008f0d1dd,BAJAJFINSV,EQ,N,6330.0,6212.05,6299.0,6234.25,6225.0,6263.65,391769,2460556754.0,9950.0,3985.3,37549,INE918I01018,2020-09-08,2020-09-07T18:30:00.000Z,2021-06-10T11:37:51.809Z,2021-06-10T11:37:51.809Z,0,,6280.63,08-Sep-2020,
903,60c1f9a37ad7b2000822e852,BAJAJFINSV,EQ,N,6220.0,5981.6,6208.8,6026.8,6054.0,6234.25,929750,5622317999.8,9950.0,3985.3,84445,INE918I01018,2020-09-09,2020-09-08T18:30:00.000Z,2021-06-10T11:38:11.932Z,2021-06-10T11:38:11.932Z,0,,6047.13,09-Sep-2020,
904,60c1f9b86804760008d00ccc,BAJAJFINSV,EQ,N,6192.0,6042.85,6079.0,6129.25,6135.0,6026.8,531609,3256931956.95,9950.0,3985.3,47070,INE918I01018,2020-09-10,2020-09-09T18:30:00.000Z,2021-06-10T11:38:32.919Z,2021-06-10T11:38:32.919Z,0,,6126.56,10-Sep-2020,
905,60c1f9cdf9fddb0008671f1f,BAJAJFINSV,EQ,N,6174.6,6080.0,6128.55,6128.4,6118.0,6129.25,465485,2848411707.85,9950.0,3985.3,38690,INE918I01018,2020-09-11,2020-09-10T18:30:00.000Z,2021-06-10T11:38:53.592Z,2021-06-10T11:38:53.592Z,0,,6119.23,11-Sep-2020,
906,60c1f9e257283a0008f0dad3,BAJAJFINSV,EQ,N,6194.0,6091.0,6158.0,6112.15,6107.4,6128.4,416142,2554266986.9,9950.0,3985.3,37293,INE918I01018,2020-09-14,2020-09-13T18:30:00.000Z,2021-06-10T11:39:14.317Z,2021-06-10T11:39:14.317Z,0,,6137.97,14-Sep-2020,
907,60c1f9f76804760008d014d7,BAJAJFINSV,EQ,N,6159.0,6027.45,6130.0,6115.55,6118.85,6112.15,492987,3006246592.6,9950.0,3985.3,42672,INE918I01018,2020-09-15,2020-09-14T18:30:00.000Z,2021-06-10T11:39:35.127Z,2021-06-10T11:39:35.127Z,0,,6098.02,15-Sep-2020,
908,60c1fa0c7ad7b2000822f1a7,BAJAJFINSV,EQ,N,6239.95,6101.15,6141.6,6145.95,6146.9,6115.55,403278,2484227925.2,9950.0,3985.3,37145,INE918I01018,2020-09-16,2020-09-15T18:30:00.000Z,2021-06-10T11:39:56.424Z,2021-06-10T11:39:56.424Z,0,,6160.09,16-Sep-2020,
909,60c1fa2057283a0008f0e3d2,BAJAJFINSV,EQ,N,6123.65,5990.1,6118.9,6007.0,6010.75,6145.95,519253,3135471805.15,9950.0,3985.3,47452,INE918I01018,2020-09-17,2020-09-16T18:30:00.000Z,2021-06-10T11:40:16.917Z,2021-06-10T11:40:16.917Z,0,,6038.43,17-Sep-2020,
910,60c1f563f9fddb000866a8da,BAJAJFINSV,EQ,N,5937.3,5751.3,5832.0,5890.2,5888.0,5946.3,1010274,5888440920.9,9950.0,3985.3,91907,INE918I01018,2020-06-29,2020-06-28T18:30:00.000Z,2021-06-10T11:20:03.284Z,2021-06-10T11:20:03.284Z,0,,5828.56,29-Jun-2020,
911,60c1f57757283a0008f07847,BAJAJFINSV,EQ,N,6043.65,5815.8,5990.0,5845.15,5833.3,5890.2,976674,5758783468.25,9950.0,3985.3,96510,INE918I01018,2020-06-30,2020-06-29T18:30:00.000Z,2021-06-10T11:20:23.756Z,2021-06-10T11:20:23.756Z,0,,5896.32,30-Jun-2020,
912,60c1f58c7ad7b20008226946,BAJAJFINSV,EQ,N,6194.8,5802.65,5818.0,6169.35,6148.85,5845.15,1724244,10420683097.1,9950.0,3985.3,164470,INE918I01018,2020-07-01,2020-06-30T18:30:00.000Z,2021-06-10T11:20:44.346Z,2021-06-10T11:20:44.346Z,0,,6043.62,01-Jul-2020,
913,60c1f5a157283a0008f080c0,BAJAJFINSV,EQ,N,6267.0,6112.65,6199.95,6188.8,6190.0,6169.35,1529252,9483233657.85,9950.0,3985.3,121562,INE918I01018,2020-07-02,2020-07-01T18:30:00.000Z,2021-06-10T11:21:05.122Z,2021-06-10T11:21:05.122Z,0,,6201.22,02-Jul-2020,
914,60c1f5b76804760008cf8feb,BAJAJFINSV,EQ,N,6238.3,6128.0,6220.0,6149.4,6153.6,6188.8,833077,5148782075.35,9950.0,3985.3,73464,INE918I01018,2020-07-03,2020-07-02T18:30:00.000Z,2021-06-10T11:21:27.016Z,2021-06-10T11:21:27.016Z,0,,6180.44,03-Jul-2020,
915,60c1f5ccf9fddb000866b1dd,BAJAJFINSV,EQ,N,6321.0,6161.0,6217.0,6285.0,6272.0,6149.4,1220298,7627978436.5,9950.0,3985.3,115445,INE918I01018,2020-07-06,2020-07-05T18:30:00.000Z,2021-06-10T11:21:48.489Z,2021-06-10T11:21:48.489Z,0,,6250.91,06-Jul-2020,
916,60c1f5e17ad7b20008227237,BAJAJFINSV,EQ,N,6629.7,6275.05,6323.0,6589.6,6565.95,6285.0,2007354,12968003789.25,9950.0,3985.3,170777,INE918I01018,2020-07-07,2020-07-06T18:30:00.000Z,2021-06-10T11:22:09.575Z,2021-06-10T11:22:09.575Z,0,,6460.25,07-Jul-2020,
917,60c1f5f66804760008cf9930,BAJAJFINSV,EQ,N,6680.0,6369.9,6600.0,6405.4,6404.0,6589.6,1400367,9134820399.05,9950.0,3985.3,152853,INE918I01018,2020-07-08,2020-07-07T18:30:00.000Z,2021-06-10T11:22:30.879Z,2021-06-10T11:22:30.879Z,0,,6523.16,08-Jul-2020,
918,60c1f60bf9fddb000866bad5,BAJAJFINSV,EQ,N,6638.0,6375.0,6430.5,6569.2,6582.0,6405.4,1322799,8666715788.55,9950.0,3985.3,137081,INE918I01018,2020-07-09,2020-07-08T18:30:00.000Z,2021-06-10T11:22:51.337Z,2021-06-10T11:22:51.337Z,0,,6551.8,09-Jul-2020,
919,60c1f61f57283a0008f08916,BAJAJFINSV,EQ,N,6645.0,6441.0,6515.0,6483.8,6501.0,6569.2,1220643,7982707733.35,9950.0,3985.3,123275,INE918I01018,2020-07-10,2020-07-09T18:30:00.000Z,2021-06-10T11:23:11.741Z,2021-06-10T11:23:11.741Z,0,,6539.76,10-Jul-2020,
920,60c1f6346804760008cfa233,BAJAJFINSV,EQ,N,6592.4,6400.0,6574.0,6461.45,6499.35,6483.8,810726,5247991171.1,9950.0,3985.3,75216,INE918I01018,2020-07-13,2020-07-12T18:30:00.000Z,2021-06-10T11:23:32.911Z,2021-06-10T11:23:32.911Z,0,,6473.2,13-Jul-2020,
921,60c1f649f9fddb000866c39c,BAJAJFINSV,EQ,N,6460.0,6211.0,6460.0,6243.45,6227.0,6461.45,1128715,7077129989.0,9950.0,3985.3,106026,INE918I01018,2020-07-14,2020-07-13T18:30:00.000Z,2021-06-10T11:23:53.467Z,2021-06-10T11:23:53.467Z,0,,6270.08,14-Jul-2020,
922,60c1f65d57283a0008f091de,BAJAJFINSV,EQ,N,6439.85,6103.0,6320.0,6168.45,6200.0,6243.45,981394,6202111779.1,9950.0,3985.3,89178,INE918I01018,2020-07-15,2020-07-14T18:30:00.000Z,2021-06-10T11:24:14.001Z,2021-06-10T11:24:14.001Z,0,,6319.7,15-Jul-2020,
923,60c1f6727ad7b20008227afa,BAJAJFINSV,EQ,N,6280.0,6065.0,6200.0,6264.9,6255.0,6168.45,830422,5134643594.1,9950.0,3985.3,81220,INE918I01018,2020-07-16,2020-07-15T18:30:00.000Z,2021-06-10T11:24:34.978Z,2021-06-10T11:24:34.978Z,0,,6183.17,16-Jul-2020,
924,60c1f6886804760008cfab22,BAJAJFINSV,EQ,N,6382.85,6280.0,6299.95,6361.6,6378.0,6264.9,570041,3612147184.1,9950.0,3985.3,53941,INE918I01018,2020-07-17,2020-07-16T18:30:00.000Z,2021-06-10T11:24:56.393Z,2021-06-10T11:24:56.393Z,0,,6336.64,17-Jul-2020,
925,60c1f69df9fddb000866cc58,BAJAJFINSV,EQ,N,6635.0,6380.0,6400.0,6620.15,6616.25,6361.6,1221890,7994151275.6,9950.0,3985.3,103531,INE918I01018,2020-07-20,2020-07-19T18:30:00.000Z,2021-06-10T11:25:17.613Z,2021-06-10T11:25:17.613Z,0,,6542.45,20-Jul-2020,
926,60c1f6b37ad7b200082283c1,BAJAJFINSV,EQ,N,6710.0,6338.45,6688.8,6384.35,6387.05,6620.15,1862522,12128929721.85,9950.0,3985.3,187230,INE918I01018,2020-07-21,2020-07-20T18:30:00.000Z,2021-06-10T11:25:39.130Z,2021-06-10T11:25:39.130Z,0,,6512.1,21-Jul-2020,
927,60c1f6c86804760008cfb3f2,BAJAJFINSV,EQ,N,6599.0,6271.0,6599.0,6347.4,6360.0,6384.35,2158054,13907390389.5,9950.0,3985.3,193957,INE918I01018,2020-07-22,2020-07-21T18:30:00.000Z,2021-06-10T11:26:00.268Z,2021-06-10T11:26:00.268Z,0,,6444.41,22-Jul-2020,
928,60c1f6dc6804760008cfbceb,BAJAJFINSV,EQ,N,6454.95,6313.15,6369.95,6381.35,6394.9,6347.4,924850,5909348962.95,9950.0,3985.3,83880,INE918I01018,2020-07-23,2020-07-22T18:30:00.000Z,2021-06-10T11:26:20.471Z,2021-06-10T11:26:20.471Z,0,,6389.52,23-Jul-2020,
929,60c1f6f17ad7b20008228cfd,BAJAJFINSV,EQ,N,6355.0,6225.0,6307.95,6270.3,6268.0,6381.35,874719,5497285637.95,9950.0,3985.3,80336,INE918I01018,2020-07-24,2020-07-23T18:30:00.000Z,2021-06-10T11:26:41.247Z,2021-06-10T11:26:41.247Z,0,,6284.63,24-Jul-2020,
930,60c1f7066804760008cfc5e3,BAJAJFINSV,EQ,N,6315.05,6135.8,6279.0,6173.2,6179.0,6270.3,656208,4056912839.7,9950.0,3985.3,59541,INE918I01018,2020-07-27,2020-07-26T18:30:00.000Z,2021-06-10T11:27:02.367Z,2021-06-10T11:27:02.367Z,0,,6182.36,27-Jul-2020,
931,60c1f71a7ad7b200082295dc,BAJAJFINSV,EQ,N,6387.35,6174.0,6175.0,6342.8,6324.05,6173.2,837865,5274668383.3,9950.0,3985.3,75108,INE918I01018,2020-07-28,2020-07-27T18:30:00.000Z,2021-06-10T11:27:22.903Z,2021-06-10T11:27:22.903Z,0,,6295.37,28-Jul-2020,
932,60c1f72f57283a0008f09a89,BAJAJFINSV,EQ,N,6425.0,6292.55,6324.1,6328.6,6319.9,6342.8,764541,4869484840.95,9950.0,3985.3,70532,INE918I01018,2020-07-29,2020-07-28T18:30:00.000Z,2021-06-10T11:27:43.499Z,2021-06-10T11:27:43.499Z,0,,6369.16,29-Jul-2020,
933,60c1f7447ad7b20008229eb5,BAJAJFINSV,EQ,N,6421.0,6160.0,6377.25,6177.6,6185.0,6328.6,610302,3817844755.4,9950.0,3985.3,60788,INE918I01018,2020-07-30,2020-07-29T18:30:00.000Z,2021-06-10T11:28:04.687Z,2021-06-10T11:28:04.687Z,0,,6255.66,30-Jul-2020,
934,60c1f7597ad7b2000822a79f,BAJAJFINSV,EQ,N,6305.0,6120.0,6220.0,6205.9,6213.0,6177.6,749710,4665468757.2,9950.0,3985.3,67163,INE918I01018,2020-07-31,2020-07-30T18:30:00.000Z,2021-06-10T11:28:25.026Z,2021-06-10T11:28:25.026Z,0,,6223.03,31-Jul-2020,
935,60c1f76d6804760008cfceb5,BAJAJFINSV,EQ,N,6223.0,6060.0,6223.0,6103.15,6105.25,6205.9,509598,3124677731.15,9950.0,3985.3,50489,INE918I01018,2020-08-03,2020-08-02T18:30:00.000Z,2021-06-10T11:28:45.778Z,2021-06-10T11:28:45.778Z,0,,6131.65,03-Aug-2020,
936,60c1f7836804760008cfd7ae,BAJAJFINSV,EQ,N,6228.0,6071.9,6160.1,6162.0,6170.7,6103.15,616503,3799745958.95,9950.0,3985.3,57297,INE918I01018,2020-08-04,2020-08-03T18:30:00.000Z,2021-06-10T11:29:07.094Z,2021-06-10T11:29:07.094Z,0,,6163.39,04-Aug-2020,
937,60c1f798f9fddb000866d54a,BAJAJFINSV,EQ,N,6345.0,6188.4,6225.0,6242.05,6245.0,6162.0,695449,4364026858.55,9950.0,3985.3,63747,INE918I01018,2020-08-05,2020-08-04T18:30:00.000Z,2021-06-10T11:29:28.279Z,2021-06-10T11:29:28.279Z,0,,6275.12,05-Aug-2020,
938,60c1f7ad57283a0008f0a36b,BAJAJFINSV,EQ,N,6370.0,6242.0,6279.95,6295.7,6299.95,6242.05,626113,3946408899.15,9950.0,3985.3,57842,INE918I01018,2020-08-06,2020-08-05T18:30:00.000Z,2021-06-10T11:29:49.773Z,2021-06-10T11:29:49.773Z,0,,6303.03,06-Aug-2020,
939,60c1f7c27ad7b2000822b049,BAJAJFINSV,EQ,N,6500.0,6250.0,6285.0,6467.15,6470.0,6295.7,825773,5301921356.9,9950.0,3985.3,94161,INE918I01018,2020-08-07,2020-08-06T18:30:00.000Z,2021-06-10T11:30:10.012Z,2021-06-10T11:30:10.012Z,0,,6420.56,07-Aug-2020,
940,6022470afa8bca0009fcecd0,BAJAJFINSV,EQ,N,4739.85,4521.45,4548.0,4702.05,4720.0,4535.45,582885,2696204815.35,9950.0,4160.25,59208,INE918I01018,2020-05-20,2020-05-19T18:30:00.000Z,2021-02-09T08:25:46.951Z,2021-02-09T08:25:46.951Z,0,,4625.62,20-May-2020,
941,60224720c5339d00087daee6,BAJAJFINSV,EQ,N,4742.7,4515.0,4725.0,4539.2,4532.6,4702.05,1092621,5064920594.7,9950.0,4160.25,121873,INE918I01018,2020-05-21,2020-05-20T18:30:00.000Z,2021-02-09T08:26:08.108Z,2021-02-09T08:26:08.108Z,0,,4635.57,21-May-2020,
942,60224735ae7f470009ff6eb9,BAJAJFINSV,EQ,N,4578.45,4087.0,4509.1,4315.55,4330.0,4539.2,2725018,11716896915.0,9950.0,4087.0,256385,INE918I01018,2020-05-22,2020-05-21T18:30:00.000Z,2021-02-09T08:26:29.227Z,2021-02-09T08:26:29.227Z,0,,4299.75,22-May-2020,
943,6022474afa8bca0009fcf5cd,BAJAJFINSV,EQ,N,4400.0,4051.8,4360.0,4097.25,4095.2,4315.55,1575820,6601142361.2,9950.0,4051.8,165078,INE918I01018,2020-05-26,2020-05-25T18:30:00.000Z,2021-02-09T08:26:50.297Z,2021-02-09T08:26:50.297Z,0,,4189.02,26-May-2020,
944,6022475fa211e30008086c94,BAJAJFINSV,EQ,N,4276.95,3985.3,4100.0,4258.05,4250.0,4097.25,2498693,10355870644.7,9950.0,3985.3,193792,INE918I01018,2020-05-27,2020-05-26T18:30:00.000Z,2021-02-09T08:27:11.262Z,2021-02-09T08:27:11.262Z,0,,4144.52,27-May-2020,
945,60224774c5339d00087db753,BAJAJFINSV,EQ,N,4325.0,4211.85,4250.0,4285.95,4280.0,4258.05,1247257,5334449319.6,9950.0,3985.3,109551,INE918I01018,2020-05-28,2020-05-27T18:30:00.000Z,2021-02-09T08:27:32.371Z,2021-02-09T08:27:32.371Z,0,,4276.94,28-May-2020,
946,60224789c5339d00087dbfff,BAJAJFINSV,EQ,N,4428.95,4201.5,4240.0,4404.9,4392.55,4285.95,1394430,6097200480.55,9950.0,3985.3,101394,INE918I01018,2020-05-29,2020-05-28T18:30:00.000Z,2021-02-09T08:27:53.219Z,2021-02-09T08:27:53.219Z,0,,4372.54,29-May-2020,
947,60c1f3bff9fddb0008667ad4,BAJAJFINSV,EQ,N,4845.35,4476.75,4500.0,4763.2,4749.95,4404.9,2110631,9997329758.25,9950.0,3985.3,221952,INE918I01018,2020-06-01,2020-05-31T18:30:00.000Z,2021-06-10T11:13:03.439Z,2021-06-10T11:13:03.439Z,0,,4736.65,01-Jun-2020,
948,60c1f3d457283a0008f05373,BAJAJFINSV,EQ,N,5238.0,4742.65,4793.95,5184.7,5216.0,4763.2,2693375,13497261992.25,9950.0,3985.3,293610,INE918I01018,2020-06-02,2020-06-01T18:30:00.000Z,2021-06-10T11:13:24.224Z,2021-06-10T11:13:24.224Z,0,,5011.28,02-Jun-2020,
949,60c1f3e857283a0008f05cdc,BAJAJFINSV,EQ,N,5529.8,5217.1,5344.0,5286.05,5290.0,5184.7,2412624,13037846414.45,9950.0,3985.3,221489,INE918I01018,2020-06-03,2020-06-02T18:30:00.000Z,2021-06-10T11:13:44.441Z,2021-06-10T11:13:44.441Z,0,,5404.01,03-Jun-2020,
950,60c1f3fe7ad7b20008223c80,BAJAJFINSV,EQ,N,5335.95,5068.0,5289.0,5136.8,5162.0,5286.05,1994489,10309815411.55,9950.0,3985.3,174438,INE918I01018,2020-06-04,2020-06-03T18:30:00.000Z,2021-06-10T11:14:06.230Z,2021-06-10T11:14:06.230Z,0,,5169.15,04-Jun-2020,
951,60c1f4127ad7b2000822459c,BAJAJFINSV,EQ,N,5285.0,5096.25,5162.0,5236.4,5262.0,5136.8,1513932,7876944959.75,9950.0,3985.3,119110,INE918I01018,2020-06-05,2020-06-04T18:30:00.000Z,2021-06-10T11:14:26.942Z,2021-06-10T11:14:26.942Z,0,,5202.97,05-Jun-2020,
952,60c1f4286804760008cf5b14,BAJAJFINSV,EQ,N,5495.0,5360.0,5360.0,5440.95,5458.0,5236.4,1396631,7596614815.9,9950.0,3985.3,140849,INE918I01018,2020-06-08,2020-06-07T18:30:00.000Z,2021-06-10T11:14:48.635Z,2021-06-10T11:14:48.635Z,0,,5439.24,08-Jun-2020,
953,60c1f43ef9fddb000866840b,BAJAJFINSV,EQ,N,5523.95,5250.05,5500.0,5310.8,5287.0,5440.95,1163434,6259149190.7,9950.0,3985.3,91683,INE918I01018,2020-06-09,2020-06-08T18:30:00.000Z,2021-06-10T11:15:10.092Z,2021-06-10T11:15:10.092Z,0,,5379.89,09-Jun-2020,
954,60c1f45357283a0008f06610,BAJAJFINSV,EQ,N,5344.0,5160.0,5310.8,5223.0,5248.7,5310.8,1162257,6073598898.75,9950.0,3985.3,94709,INE918I01018,2020-06-10,2020-06-09T18:30:00.000Z,2021-06-10T11:15:31.250Z,2021-06-10T11:15:31.250Z,0,,5225.69,10-Jun-2020,
955,60c1f4677ad7b20008224e8d,BAJAJFINSV,EQ,N,5285.0,5130.0,5200.0,5158.0,5153.0,5223.0,1057333,5493784465.55,9950.0,3985.3,104890,INE918I01018,2020-06-11,2020-06-10T18:30:00.000Z,2021-06-10T11:15:51.346Z,2021-06-10T11:15:51.346Z,0,,5195.89,11-Jun-2020,
956,60c1f47b6804760008cf6416,BAJAJFINSV,EQ,N,5339.0,4900.0,4900.0,5285.95,5265.0,5158.0,1655263,8462915772.15,9950.0,3985.3,134219,INE918I01018,2020-06-12,2020-06-11T18:30:00.000Z,2021-06-10T11:16:11.858Z,2021-06-10T11:16:11.858Z,0,,5112.73,12-Jun-2020,
957,60c1f4906804760008cf6c3a,BAJAJFINSV,EQ,N,5281.0,5076.6,5281.0,5103.6,5108.0,5285.95,1023491,5266135569.45,9950.0,3985.3,84585,INE918I01018,2020-06-15,2020-06-14T18:30:00.000Z,2021-06-10T11:16:32.582Z,2021-06-10T11:16:32.582Z,0,,5145.27,15-Jun-2020,
958,60c1f4a6f9fddb0008668d90,BAJAJFINSV,EQ,N,5270.0,4980.7,5250.0,5128.3,5115.0,5103.6,1169103,5994581557.85,9950.0,3985.3,100523,INE918I01018,2020-06-16,2020-06-15T18:30:00.000Z,2021-06-10T11:16:54.184Z,2021-06-10T11:16:54.184Z,0,,5127.51,16-Jun-2020,
959,60c1f4ba6804760008cf7489,BAJAJFINSV,EQ,N,5130.0,5007.9,5036.0,5036.95,5040.0,5128.3,1049874,5328631315.85,9950.0,3985.3,96754,INE918I01018,2020-06-17,2020-06-16T18:30:00.000Z,2021-06-10T11:17:14.132Z,2021-06-10T11:17:14.132Z,0,,5075.5,17-Jun-2020,
960,60c1f4cff9fddb000866969e,BAJAJFINSV,EQ,N,5499.0,5021.55,5036.95,5427.55,5450.75,5036.95,1806208,9540374217.25,9950.0,3985.3,136911,INE918I01018,2020-06-18,2020-06-17T18:30:00.000Z,2021-06-10T11:17:35.511Z,2021-06-10T11:17:35.511Z,0,,5281.99,18-Jun-2020,
961,60c1f4e47ad7b20008225763,BAJAJFINSV,EQ,N,5970.3,5443.8,5450.0,5899.8,5925.0,5427.55,3595572,20492522586.9,9950.0,3985.3,270280,INE918I01018,2020-06-19,2020-06-18T18:30:00.000Z,2021-06-10T11:17:56.849Z,2021-06-10T11:17:56.849Z,0,,5699.38,19-Jun-2020,
962,60c1f4fa57283a0008f06f52,BAJAJFINSV,EQ,N,6350.0,5960.0,5969.0,6183.55,6182.0,5899.8,2514021,15591732171.65,9950.0,3985.3,216447,INE918I01018,2020-06-22,2020-06-21T18:30:00.000Z,2021-06-10T11:18:18.498Z,2021-06-10T11:18:18.498Z,0,,6201.91,22-Jun-2020,
963,60c1f50f6804760008cf7d71,BAJAJFINSV,EQ,N,6382.0,6090.8,6275.0,6319.65,6359.95,6183.55,1981286,12385091834.45,9950.0,3985.3,162423,INE918I01018,2020-06-23,2020-06-22T18:30:00.000Z,2021-06-10T11:18:39.783Z,2021-06-10T11:18:39.783Z,0,,6251.04,23-Jun-2020,
964,60c1f525f9fddb0008669fa5,BAJAJFINSV,EQ,N,6455.0,5980.4,6455.0,6046.05,6089.35,6319.65,1886491,11731516967.9,9950.0,3985.3,168711,INE918I01018,2020-06-24,2020-06-23T18:30:00.000Z,2021-06-10T11:19:01.046Z,2021-06-10T11:19:01.046Z,0,,6218.7,24-Jun-2020,
965,60c1f5397ad7b20008226062,BAJAJFINSV,EQ,N,6125.0,5920.25,5966.0,6021.15,6012.25,6046.05,1900316,11431094207.25,9950.0,3985.3,187003,INE918I01018,2020-06-25,2020-06-24T18:30:00.000Z,2021-06-10T11:19:21.448Z,2021-06-10T11:19:21.448Z,0,,6015.36,25-Jun-2020,
966,60c1f54d6804760008cf8687,BAJAJFINSV,EQ,N,6133.55,5870.0,6089.0,5946.3,5975.2,6021.15,1067247,6376160386.05,9950.0,3985.3,96054,INE918I01018,2020-06-26,2020-06-25T18:30:00.000Z,2021-06-10T11:19:41.844Z,2021-06-10T11:19:41.844Z,0,,5974.4,26-Jun-2020,
967,60c1f563f9fddb000866a8da,BAJAJFINSV,EQ,N,5937.3,5751.3,5832.0,5890.2,5888.0,5946.3,1010274,5888440920.9,9950.0,3985.3,91907,INE918I01018,2020-06-29,2020-06-28T18:30:00.000Z,2021-06-10T11:20:03.284Z,2021-06-10T11:20:03.284Z,0,,5828.56,29-Jun-2020,
968,602244fcfa8bca0009fcb7ce,BAJAJFINSV,EQ,N,4844.0,4469.35,4844.0,4491.4,4490.0,4820.25,891709,4088031100.6,9950.0,4160.25,110561,INE918I01018,2020-04-13,2020-04-12T18:30:00.000Z,2021-02-09T08:17:00.529Z,2021-02-09T08:17:00.529Z,0,,4584.49,13-Apr-2020,
969,60224511a211e300080837e5,BAJAJFINSV,EQ,N,4664.25,4480.0,4551.0,4599.1,4606.0,4491.4,983071,4503380664.35,9950.0,4160.25,100747,INE918I01018,2020-04-15,2020-04-14T18:30:00.000Z,2021-02-09T08:17:21.529Z,2021-02-09T08:17:21.529Z,0,,4580.93,15-Apr-2020,
970,60224526c5339d00087d73ce,BAJAJFINSV,EQ,N,4760.0,4508.8,4570.0,4699.6,4760.0,4599.1,747354,3482600293.4,9950.0,4160.25,72162,INE918I01018,2020-04-16,2020-04-15T18:30:00.000Z,2021-02-09T08:17:42.659Z,2021-02-09T08:17:42.659Z,0,,4659.91,16-Apr-2020,
971,6022453bae7f470009ff3a7c,BAJAJFINSV,EQ,N,5136.0,4855.05,4876.0,4999.7,5011.2,4699.6,1352223,6729484311.25,9950.0,4160.25,154029,INE918I01018,2020-04-17,2020-04-16T18:30:00.000Z,2021-02-09T08:18:03.857Z,2021-02-09T08:18:03.857Z,0,,4976.61,17-Apr-2020,
972,60224551fa8bca0009fcc0d2,BAJAJFINSV,EQ,N,5090.0,4720.45,5085.8,4882.25,4869.4,4999.7,903157,4497280587.75,9950.0,4160.25,84654,INE918I01018,2020-04-20,2020-04-19T18:30:00.000Z,2021-02-09T08:18:25.218Z,2021-02-09T08:18:25.218Z,0,,4979.51,20-Apr-2020,
973,60224565a211e300080840e2,BAJAJFINSV,EQ,N,4749.0,4575.0,4749.0,4595.05,4595.0,4882.25,670944,3117046423.4,9950.0,4160.25,70720,INE918I01018,2020-04-21,2020-04-20T18:30:00.000Z,2021-02-09T08:18:45.763Z,2021-02-09T08:18:45.763Z,0,,4645.76,21-Apr-2020,
974,6022457aa211e300080849cb,BAJAJFINSV,EQ,N,4815.65,4485.0,4585.0,4775.75,4747.0,4595.05,792158,3674867302.65,9950.0,4160.25,91090,INE918I01018,2020-04-22,2020-04-21T18:30:00.000Z,2021-02-09T08:19:06.752Z,2021-02-09T08:19:06.752Z,0,,4639.06,22-Apr-2020,
975,6022458ffa8bca0009fcc9bc,BAJAJFINSV,EQ,N,4858.0,4705.05,4800.0,4729.6,4716.95,4775.75,691838,3309519247.65,9950.0,4160.25,72982,INE918I01018,2020-04-23,2020-04-22T18:30:00.000Z,2021-02-09T08:19:27.433Z,2021-02-09T08:19:27.433Z,0,,4783.66,23-Apr-2020,
976,602245a3c5339d00087d7c87,BAJAJFINSV,EQ,N,4675.0,4365.0,4675.0,4389.8,4410.0,4729.6,1022043,4578733515.2,9950.0,4160.25,130334,INE918I01018,2020-04-24,2020-04-23T18:30:00.000Z,2021-02-09T08:19:47.670Z,2021-02-09T08:19:47.670Z,0,,4479.98,24-Apr-2020,
977,602245b9fa8bca0009fcd278,BAJAJFINSV,EQ,N,4670.0,4288.0,4430.2,4617.5,4661.6,4389.8,1133888,5120750800.8,9950.0,4160.25,121200,INE918I01018,2020-04-27,2020-04-26T18:30:00.000Z,2021-02-09T08:20:09.277Z,2021-02-09T08:20:09.277Z,0,,4516.1,27-Apr-2020,
978,602245cea211e30008085271,BAJAJFINSV,EQ,N,4910.0,4581.15,4691.0,4861.8,4865.05,4617.5,1520428,7184798493.55,9950.0,4160.25,146633,INE918I01018,2020-04-28,2020-04-27T18:30:00.000Z,2021-02-09T08:20:30.780Z,2021-02-09T08:20:30.780Z,0,,4725.51,28-Apr-2020,
979,602245e3c5339d00087d8554,BAJAJFINSV,EQ,N,5070.0,4822.4,4865.1,4998.65,4975.0,4861.8,1523528,7603951670.7,9950.0,4160.25,152300,INE918I01018,2020-04-29,2020-04-28T18:30:00.000Z,2021-02-09T08:20:51.417Z,2021-02-09T08:20:51.417Z,0,,4991.02,29-Apr-2020,
980,602245f8ae7f470009ff4338,BAJAJFINSV,EQ,N,5175.0,5050.85,5108.0,5104.35,5090.0,4998.65,1064409,5454672399.6,9950.0,4160.25,144356,INE918I01018,2020-04-30,2020-04-29T18:30:00.000Z,2021-02-09T08:21:12.281Z,2021-02-09T08:21:12.281Z,0,,5124.6,30-Apr-2020,
981,6022460dae7f470009ff4be8,BAJAJFINSV,EQ,N,4939.9,4720.0,4922.0,4762.35,4799.95,5104.35,810709,3879918456.65,9950.0,4160.25,80041,INE918I01018,2020-05-04,2020-05-03T18:30:00.000Z,2021-02-09T08:21:33.140Z,2021-02-09T08:21:33.140Z,0,,4785.83,04-May-2020,
982,60224623fa8bca0009fcdb53,BAJAJFINSV,EQ,N,4920.0,4610.0,4890.0,4629.2,4630.0,4762.35,815889,3859642546.55,9950.0,4160.25,86255,INE918I01018,2020-05-05,2020-05-04T18:30:00.000Z,2021-02-09T08:21:55.305Z,2021-02-09T08:21:55.305Z,0,,4730.6,05-May-2020,
983,60224637a211e30008085b03,BAJAJFINSV,EQ,N,4789.8,4542.0,4647.0,4692.9,4700.0,4629.2,1262830,5918399378.5,9950.0,4160.25,124056,INE918I01018,2020-05-06,2020-05-05T18:30:00.000Z,2021-02-09T08:22:15.702Z,2021-02-09T08:22:15.702Z,0,,4686.62,06-May-2020,
984,6022464cc5339d00087d8d4f,BAJAJFINSV,EQ,N,4796.0,4640.0,4678.0,4673.4,4684.7,4692.9,645431,3046006115.1,9950.0,4160.25,62555,INE918I01018,2020-05-07,2020-05-06T18:30:00.000Z,2021-02-09T08:22:36.983Z,2021-02-09T08:22:36.983Z,0,,4719.34,07-May-2020,
985,60224661ae7f470009ff5476,BAJAJFINSV,EQ,N,4778.4,4577.35,4768.0,4601.0,4609.0,4673.4,488587,2291848182.95,9950.0,4160.25,52366,INE918I01018,2020-05-08,2020-05-07T18:30:00.000Z,2021-02-09T08:22:57.964Z,2021-02-09T08:22:57.964Z,0,,4690.77,08-May-2020,
986,60224677c5339d00087d958f,BAJAJFINSV,EQ,N,4717.7,4540.1,4687.3,4558.0,4565.0,4601.0,585230,2703604053.5,9950.0,4160.25,63198,INE918I01018,2020-05-11,2020-05-10T18:30:00.000Z,2021-02-09T08:23:19.029Z,2021-02-09T08:23:19.029Z,0,,4619.73,11-May-2020,
987,6022468cae7f470009ff5d7f,BAJAJFINSV,EQ,N,4715.8,4455.5,4528.0,4668.2,4709.0,4558.0,1018893,4682338827.05,9950.0,4160.25,101764,INE918I01018,2020-05-12,2020-05-11T18:30:00.000Z,2021-02-09T08:23:40.025Z,2021-02-09T08:23:40.025Z,0,,4595.52,12-May-2020,
988,602246a1c5339d00087d9e26,BAJAJFINSV,EQ,N,5050.0,4778.1,4948.0,4816.4,4809.95,4668.2,698755,3381860384.2,9950.0,4160.25,62287,INE918I01018,2020-05-13,2020-05-12T18:30:00.000Z,2021-02-09T08:24:01.331Z,2021-02-09T08:24:01.331Z,0,,4839.84,13-May-2020,
989,602246b6c5339d00087da686,BAJAJFINSV,EQ,N,4937.85,4720.0,4770.0,4790.25,4785.0,4816.4,792868,3840946196.25,9950.0,4160.25,68794,INE918I01018,2020-05-14,2020-05-13T18:30:00.000Z,2021-02-09T08:24:22.314Z,2021-02-09T08:24:22.314Z,0,,4844.37,14-May-2020,
990,602246cbfa8bca0009fce424,BAJAJFINSV,EQ,N,4833.65,4701.0,4792.0,4723.25,4710.0,4790.25,395124,1874937738.6,9950.0,4160.25,36714,INE918I01018,2020-05-15,2020-05-14T18:30:00.000Z,2021-02-09T08:24:43.943Z,2021-02-09T08:24:43.943Z,0,,4745.19,15-May-2020,
991,602246e1a211e300080863ee,BAJAJFINSV,EQ,N,4739.05,4451.0,4724.6,4465.45,4465.5,4723.25,646942,2928735493.45,9950.0,4160.25,67302,INE918I01018,2020-05-18,2020-05-17T18:30:00.000Z,2021-02-09T08:25:05.005Z,2021-02-09T08:25:05.005Z,0,,4527.04,18-May-2020,
992,602246f6ae7f470009ff6633,BAJAJFINSV,EQ,N,4595.0,4433.25,4520.0,4535.45,4556.1,4465.45,574151,2596446701.9,9950.0,4160.25,51508,INE918I01018,2020-05-19,2020-05-18T18:30:00.000Z,2021-02-09T08:25:26.190Z,2021-02-09T08:25:26.190Z,0,,4522.24,19-May-2020,
993,6022470afa8bca0009fcecd0,BAJAJFINSV,EQ,N,4739.85,4521.45,4548.0,4702.05,4720.0,4535.45,582885,2696204815.35,9950.0,4160.25,59208,INE918I01018,2020-05-20,2020-05-19T18:30:00.000Z,2021-02-09T08:25:46.951Z,2021-02-09T08:25:46.951Z,0,,4625.62,20-May-2020,
994,602242d6c5339d00087d0f59,BAJAJFINSV,EQ,N,9300.0,8808.0,9300.0,8914.5,8919.0,9050.75,309031,2820324986.9,9950.0,6386.0,40005,INE918I01018,2020-03-02,2020-03-01T18:30:00.000Z,2021-02-09T08:07:50.836Z,2021-02-09T08:07:50.836Z,0,,9126.35,02-Mar-2020,
995,602242f4c5339d00087d1860,BAJAJFINSV,EQ,N,9116.65,8680.0,9000.0,8963.65,8993.0,8914.5,550729,4896366229.35,9950.0,6386.0,77414,INE918I01018,2020-03-03,2020-03-02T18:30:00.000Z,2021-02-09T08:08:20.889Z,2021-02-09T08:08:20.889Z,0,,8890.7,03-Mar-2020,"[{'symbol': 'BAJAJFINSV', 'series': 'EQ', 'ind': '-', 'faceVal': '1', 'subject': ' Interim Dividend - Rs 5 Per Share', 'exDate': '03-Mar-2020', 'recDate': '04-Mar-2020', 'bcStartDate': '-', 'bcEndDate': '-', 'ndStartDate': '-', 'comp': 'Bajaj Finserv Limited', 'isin': 'INE918I01018', 'ndEndDate': '-', 'caBroadcastDate': None}]"
996,5ea960693c1dbb0009717e66,BAJAJFINSV,EQ,N,9116.65,8680.0,9000.0,8963.65,8993.0,8914.5,550729,4896366229.35,9950.0,6386.0,77414,INE918I01018,2020-03-03,2020-03-02T18:30:00.000Z,2020-04-29T11:09:29.737Z,2020-04-29T11:09:29.737Z,0,,8890.7,03-Mar-2020,"[{'symbol': 'BAJAJFINSV', 'series': 'EQ', 'ind': '-', 'faceVal': '1', 'subject': ' Interim Dividend - Rs 5 Per Share', 'exDate': '03-Mar-2020', 'recDate': '04-Mar-2020', 'bcStartDate': '-', 'bcEndDate': '-', 'ndStartDate': '-', 'comp': 'Bajaj Finserv Limited', 'isin': 'INE918I01018', 'ndEndDate': '-', 'caBroadcastDate': None}]"
997,5ea96061116f230008263711,BAJAJFINSV,EQ,N,9116.65,8680.0,9000.0,8963.65,8993.0,8914.5,550729,4896366229.35,9950.0,6386.0,77414,INE918I01018,2020-03-03,2020-03-02T18:30:00.000Z,2020-04-29T11:09:21.463Z,2020-04-29T11:09:21.463Z,0,,8890.7,03-Mar-2020,"[{'symbol': 'BAJAJFINSV', 'series': 'EQ', 'ind': '-', 'faceVal': '1', 'subject': ' Interim Dividend - Rs 5 Per Share', 'exDate': '03-Mar-2020', 'recDate': '04-Mar-2020', 'bcStartDate': '-', 'bcEndDate': '-', 'ndStartDate': '-', 'comp': 'Bajaj Finserv Limited', 'isin': 'INE918I01018', 'ndEndDate': '-', 'caBroadcastDate': None}]"
998,5ea96059e554dc0008316fe4,BAJAJFINSV,EQ,N,9116.65,8680.0,9000.0,8963.65,8993.0,8914.5,550729,4896366229.35,9950.0,6386.0,77414,INE918I01018,2020-03-03,2020-03-02T18:30:00.000Z,2020-04-29T11:09:13.360Z,2020-04-29T11:09:13.360Z,0,,8890.7,03-Mar-2020,"[{'symbol': 'BAJAJFINSV', 'series': 'EQ', 'ind': '-', 'faceVal': '1', 'subject': ' Interim Dividend - Rs 5 Per Share', 'exDate': '03-Mar-2020', 'recDate': '04-Mar-2020', 'bcStartDate': '-', 'bcEndDate': '-', 'ndStartDate': '-', 'comp': 'Bajaj Finserv Limited', 'isin': 'INE918I01018', 'ndEndDate': '-', 'caBroadcastDate': None}]"
999,5ea9603e3c1dbb0009716760,BAJAJFINSV,EQ,N,9116.65,8680.0,9000.0,8963.65,8993.0,8914.5,550729,4896366229.35,9950.0,6386.0,77414,INE918I01018,2020-03-03,2020-03-02T18:30:00.000Z,2020-04-29T11:08:46.748Z,2020-04-29T11:08:46.748Z,0,,8890.7,03-Mar-2020,"[{'symbol': 'BAJAJFINSV', 'series': 'EQ', 'ind': '-', 'faceVal': '1', 'subject': ' Interim Dividend - Rs 5 Per Share', 'exDate': '03-Mar-2020', 'recDate': '04-Mar-2020', 'bcStartDate': '-', 'bcEndDate': '-', 'ndStartDate': '-', 'comp': 'Bajaj Finserv Limited', 'isin': 'INE918I01018', 'ndEndDate': '-', 'caBroadcastDate': None}]"
1000,5ea96038c2a8b500088e74ca,BAJAJFINSV,EQ,N,9116.65,8680.0,9000.0,8963.65,8993.0,8914.5,550729,4896366229.35,9950.0,6386.0,77414,INE918I01018,2020-03-03,2020-03-02T18:30:00.000Z,2020-04-29T11:08:40.514Z,2020-04-29T11:08:40.514Z,0,,8890.7,03-Mar-2020,"[{'symbol': 'BAJAJFINSV', 'series': 'EQ', 'ind': '-', 'faceVal': '1', 'subject': ' Interim Dividend - Rs 5 Per Share', 'exDate': '03-Mar-2020', 'recDate': '04-Mar-2020', 'bcStartDate': '-', 'bcEndDate': '-', 'ndStartDate': '-', 'comp': 'Bajaj Finserv Limited', 'isin': 'INE918I01018', 'ndEndDate': '-', 'caBroadcastDate': None}]"
1001,60224309ae7f470009ff1f0a,BAJAJFINSV,EQ,N,9066.6,8593.25,9000.0,8799.7,8777.2,8963.65,440251,3895966775.1,9950.0,6386.0,59129,INE918I01018,2020-03-04,2020-03-03T18:30:00.000Z,2021-02-09T08:08:41.372Z,2021-02-09T08:08:41.372Z,0,,8849.42,04-Mar-2020,
1002,5ea960693c1dbb0009717de2,BAJAJFINSV,EQ,N,9066.6,8593.25,9000.0,8799.7,8777.2,8963.65,440251,3895966775.1,9950.0,6386.0,59129,INE918I01018,2020-03-04,2020-03-03T18:30:00.000Z,2020-04-29T11:09:29.599Z,2020-04-29T11:09:29.599Z,0,,8849.42,04-Mar-2020,
1003,5ea96061116f2300082636cb,BAJAJFINSV,EQ,N,9066.6,8593.25,9000.0,8799.7,8777.2,8963.65,440251,3895966775.1,9950.0,6386.0,59129,INE918I01018,2020-03-04,2020-03-03T18:30:00.000Z,2020-04-29T11:09:21.380Z,2020-04-29T11:09:21.380Z,0,,8849.42,04-Mar-2020,
1004,5ea96059e554dc0008316fd0,BAJAJFINSV,EQ,N,9066.6,8593.25,9000.0,8799.7,8777.2,8963.65,440251,3895966775.1,9950.0,6386.0,59129,INE918I01018,2020-03-04,2020-03-03T18:30:00.000Z,2020-04-29T11:09:13.336Z,2020-04-29T11:09:13.336Z,0,,8849.42,04-Mar-2020,
1005,5ea9603e3c1dbb000971677f,BAJAJFINSV,EQ,N,9066.6,8593.25,9000.0,8799.7,8777.2,8963.65,440251,3895966775.1,9950.0,6386.0,59129,INE918I01018,2020-03-04,2020-03-03T18:30:00.000Z,2020-04-29T11:08:46.749Z,2020-04-29T11:08:46.749Z,0,,8849.42,04-Mar-2020,
1006,60224319c5339d00087d217c,BAJAJFINSV,EQ,N,8970.0,8761.05,8870.0,8879.9,8870.0,8799.7,319853,2843725444.85,9950.0,6386.0,41053,INE918I01018,2020-03-05,2020-03-04T18:30:00.000Z,2021-02-09T08:08:57.165Z,2021-02-09T08:08:57.165Z,0,,8890.73,05-Mar-2020,
1007,6022432dae7f470009ff27d6,BAJAJFINSV,EQ,N,8625.0,8400.0,8570.0,8603.2,8600.0,8879.9,408699,3486683303.05,9950.0,6386.0,65219,INE918I01018,2020-03-06,2020-03-05T18:30:00.000Z,2021-02-09T08:09:17.602Z,2021-02-09T08:09:17.602Z,0,,8531.18,06-Mar-2020,
1008,60224342a211e3000807f010,BAJAJFINSV,EQ,N,8450.0,8160.0,8439.0,8207.1,8180.0,8603.2,370508,3070418261.3,9950.0,6581.0,55462,INE918I01018,2020-03-09,2020-03-08T18:30:00.000Z,2021-02-09T08:09:38.893Z,2021-02-09T08:09:38.893Z,0,,8287.05,09-Mar-2020,
1009,60224357fa8bca0009fc95d4,BAJAJFINSV,EQ,N,8397.1,8128.05,8180.0,8254.0,8265.0,8207.1,372353,3078085849.3,9950.0,6581.0,52083,INE918I01018,2020-03-11,2020-03-10T18:30:00.000Z,2021-02-09T08:09:59.846Z,2021-02-09T08:09:59.846Z,0,,8266.58,11-Mar-2020,
1010,6022436cc5339d00087d2a66,BAJAJFINSV,EQ,N,7981.95,7400.0,7900.0,7438.05,7405.1,8254.0,619201,4709579011.3,9950.0,6581.0,84233,INE918I01018,2020-03-12,2020-03-11T18:30:00.000Z,2021-02-09T08:10:20.485Z,2021-02-09T08:10:20.485Z,0,,7605.9,12-Mar-2020,
1011,60224381c5339d00087d336f,BAJAJFINSV,EQ,N,7883.9,6524.25,6800.0,7742.0,7728.0,7438.05,595673,4431519150.3,9950.0,6524.25,89840,INE918I01018,2020-03-13,2020-03-12T18:30:00.000Z,2021-02-09T08:10:41.408Z,2021-02-09T08:10:41.408Z,0,,7439.52,13-Mar-2020,
1012,60224396a211e3000807f873,BAJAJFINSV,EQ,N,7566.5,7200.0,7450.0,7495.6,7501.0,7742.0,562246,4145676676.45,9950.0,6524.25,60737,INE918I01018,2020-03-16,2020-03-15T18:30:00.000Z,2021-02-09T08:11:02.553Z,2021-02-09T08:11:02.553Z,0,,7373.42,16-Mar-2020,
1013,602243abc5339d00087d3c59,BAJAJFINSV,EQ,N,7521.95,6956.8,7501.0,7017.5,7017.55,7495.6,447612,3234426475.8,9950.0,6524.25,63673,INE918I01018,2020-03-17,2020-03-16T18:30:00.000Z,2021-02-09T08:11:23.612Z,2021-02-09T08:11:23.612Z,0,,7225.96,17-Mar-2020,
1014,602243c1fa8bca0009fc9f62,BAJAJFINSV,EQ,N,7200.0,6257.4,7150.0,6310.2,6314.95,7017.5,645498,4255444849.15,9950.0,6257.4,87028,INE918I01018,2020-03-18,2020-03-17T18:30:00.000Z,2021-02-09T08:11:45.242Z,2021-02-09T08:11:45.242Z,0,,6592.5,18-Mar-2020,
1015,602243d6a211e3000808015e,BAJAJFINSV,EQ,N,6205.85,5442.65,5865.0,5785.5,5842.0,6310.2,816638,4740409080.25,9950.0,5442.65,114537,INE918I01018,2020-03-19,2020-03-18T18:30:00.000Z,2021-02-09T08:12:06.087Z,2021-02-09T08:12:06.087Z,0,,5804.79,19-Mar-2020,
1016,602243ebc5339d00087d45f8,BAJAJFINSV,EQ,N,6391.95,5700.0,5725.2,6233.05,6240.0,5785.5,657470,3947562615.9,9950.0,5442.65,97177,INE918I01018,2020-03-20,2020-03-19T18:30:00.000Z,2021-02-09T08:12:27.472Z,2021-02-09T08:12:27.472Z,0,,6004.17,20-Mar-2020,
1017,602243ffa211e30008080a7f,BAJAJFINSV,EQ,N,5890.4,4449.0,5640.0,4621.05,4520.0,6233.05,688028,3420271248.4,9950.0,4449.0,120916,INE918I01018,2020-03-23,2020-03-22T18:30:00.000Z,2021-02-09T08:12:47.589Z,2021-02-09T08:12:47.589Z,0,,4971.12,23-Mar-2020,
1018,60224414c5339d00087d4f95,BAJAJFINSV,EQ,N,5080.0,4160.25,4900.0,4497.75,4600.0,4621.05,1558786,7094970924.25,9950.0,4160.25,209363,INE918I01018,2020-03-24,2020-03-23T18:30:00.000Z,2021-02-09T08:13:08.827Z,2021-02-09T08:13:08.827Z,0,,4551.6,24-Mar-2020,
1019,60224429fa8bca0009fca800,BAJAJFINSV,EQ,N,4920.0,4400.05,4450.0,4830.3,4902.0,4497.75,797273,3746241047.45,9950.0,4160.25,135939,INE918I01018,2020-03-25,2020-03-24T18:30:00.000Z,2021-02-09T08:13:29.614Z,2021-02-09T08:13:29.614Z,0,,4698.82,25-Mar-2020,
1020,6022443ea211e300080813d8,BAJAJFINSV,EQ,N,5554.8,4825.2,4975.0,5147.25,5135.0,4830.3,1019124,5274161874.75,9950.0,4160.25,150906,INE918I01018,2020-03-26,2020-03-25T18:30:00.000Z,2021-02-09T08:13:50.584Z,2021-02-09T08:13:50.584Z,0,,5175.19,26-Mar-2020,
1021,60224453c5339d00087d58a1,BAJAJFINSV,EQ,N,5660.0,4675.0,5477.0,4890.6,5025.0,5147.25,1291819,6622773281.15,9950.0,4160.25,200043,INE918I01018,2020-03-27,2020-03-26T18:30:00.000Z,2021-02-09T08:14:11.894Z,2021-02-09T08:14:11.894Z,0,,5126.7,27-Mar-2020,
1022,60224469ae7f470009ff3134,BAJAJFINSV,EQ,N,4779.6,4555.0,4700.0,4661.15,4640.0,4890.6,750912,3512417674.65,9950.0,4160.25,115533,INE918I01018,2020-03-30,2020-03-29T18:30:00.000Z,2021-02-09T08:14:33.530Z,2021-02-09T08:14:33.530Z,0,,4677.54,30-Mar-2020,
1023,6022447ea211e30008081cf3,BAJAJFINSV,EQ,N,4879.55,4430.0,4810.0,4591.2,4600.0,4661.15,1156179,5274737401.25,9950.0,4160.25,201921,INE918I01018,2020-03-31,2020-03-30T18:30:00.000Z,2021-02-09T08:14:54.603Z,2021-02-09T08:14:54.603Z,0,,4562.22,31-Mar-2020,
1024,60224493fa8bca0009fcaf7c,BAJAJFINSV,EQ,N,4667.7,4460.0,4560.0,4501.9,4491.0,4591.2,757772,3456370944.6,9950.0,4160.25,122754,INE918I01018,2020-04-01,2020-03-31T18:30:00.000Z,2021-02-09T08:15:15.165Z,2021-02-09T08:15:15.165Z,0,,4561.23,01-Apr-2020,
1025,602244a8a211e300080825f4,BAJAJFINSV,EQ,N,4646.0,4430.0,4560.0,4510.75,4520.05,4501.9,722316,3277305847.1,9950.0,4160.25,138917,INE918I01018,2020-04-03,2020-04-02T18:30:00.000Z,2021-02-09T08:15:36.706Z,2021-02-09T08:15:36.706Z,0,,4537.22,03-Apr-2020,
1026,602244bdc5339d00087d6174,BAJAJFINSV,EQ,N,4818.8,4329.05,4620.0,4724.9,4771.95,4510.75,1130738,5083092581.65,9950.0,4160.25,201918,INE918I01018,2020-04-07,2020-04-06T18:30:00.000Z,2021-02-09T08:15:57.512Z,2021-02-09T08:15:57.512Z,0,,4495.38,07-Apr-2020,
1027,602244d2c5339d00087d6acc,BAJAJFINSV,EQ,N,4950.0,4537.8,4575.0,4608.5,4604.0,4724.9,1113057,5259493341.55,9950.0,4160.25,158158,INE918I01018,2020-04-08,2020-04-07T18:30:00.000Z,2021-02-09T08:16:18.145Z,2021-02-09T08:16:18.145Z,0,,4725.27,08-Apr-2020,
1028,602244e7a211e30008082ec1,BAJAJFINSV,EQ,N,4848.0,4662.0,4705.0,4820.25,4824.0,4608.5,864222,4122031291.15,9950.0,4160.25,89906,INE918I01018,2020-04-09,2020-04-08T18:30:00.000Z,2021-02-09T08:16:39.262Z,2021-02-09T08:16:39.262Z,0,,4769.64,09-Apr-2020,
